1 1 76.6628 74.6831 72.9436 0 0 0
2 1 76.0542 75.7822 73.3965 0 0 0
3 1 75.7987 77.1599 73.6257 0 0 0
4 1 75.3352 78.2462 73.4986 0 0 0
5 1 75.7824 79.5816 73.2104 0 0 0
6 1 76.2724 80.8463 72.6547 0 0 0
7 1 76.8422 81.7198 71.9050 0 0 0
8 1 77.2455 82.2246 70.6345 0 0 0
9 1 77.7594 82.3740 69.5751 0 0 0
10 1 78.0336 82.4720 68.5530 0 0 0
11 1 78.3477 82.4407 67.1797 0 0 0
12 1 79.5614 82.4726 66.6599 0 0 0
13 1 80.6358 82.1995 65.6588 0 0 0
14 1 81.3668 82.0402 64.7040 0 0 0
15 1 82.0476 81.5911 63.9051 0 0 0
16 1 83.1539 81.2217 62.9323 0 0 0
17 1 83.7048 81.0746 62.0736 0 0 0
18 1 83.9557 80.2207 61.3489 0 0 0
19 1 84.2655 79.3880 60.9832 0 0 0
20 1 85.0436 78.0588 60.2335 0 0 0
21 1 85.1256 76.6546 59.6796 0 0 0
22 1 85.6211 75.0878 59.0970 0 0 0
23 1 85.0829 73.5416 58.8046 0 0 0
24 1 84.5550 73.0142 57.8670 0 0 0
25 1 83.6543 72.5740 56.6396 0 0 0
26 1 82.7655 71.8770 56.5716 0 0 0
27 1 82.1963 70.9908 56.7210 0 0 0
28 1 81.2586 70.6975 57.9193 0 0 0
29 1 80.6314 70.0023 58.8411 0 0 0
30 1 79.3988 69.4733 59.0377 0 0 0
31 1 78.4733 69.4490 59.4837 0 0 0
32 1 78.1342 69.5339 60.5770 0 0 0
33 1 78.0744 69.9080 61.7113 0 0 0
34 1 78.5500 70.5022 62.6581 0 0 0
35 1 78.6524 71.7828 62.9200 0 0 0
36 1 78.5306 73.0243 62.5371 0 0 0
37 1 78.7810 74.0515 62.6395 0 0 0
38 1 79.7890 76.2485 63.1791 0 0 0
39 1 80.9171 76.9413 63.4546 0 0 0
40 1 81.6906 77.4432 64.3118 0 0 0
41 1 82.2169 77.4349 65.7647 0 0 0
42 1 82.4937 77.2792 67.0262 0 0 0
43 1 83.2655 77.6159 68.5791 0 0 0
44 1 83.0339 78.0986 70.1882 0 0 0
45 1 83.2061 78.1693 71.5289 0 0 0
46 1 83.6715 77.7820 72.5545 0 0 0
47 1 83.9386 77.3530 73.4743 0 0 0
48 1 84.2081 76.8808 74.5509 0 0 0
49 1 84.0638 76.8354 75.9716 0 0 0
50 1 83.7619 76.8565 77.3104 0 0 0
51 1 83.3910 77.1057 78.5327 0 0 0
52 1 82.9548 77.4514 79.6013 0 0 0
53 1 83.3322 77.5652 81.2753 0 0 0
54 1 83.2485 77.9581 82.5043 0 0 0
55 1 83.8251 78.0732 83.7964 0 0 0
56 1 84.2530 78.0623 85.0414 0 0 0
57 1 84.4264 78.0201 86.4187 0 0 0
58 1 83.9997 77.5006 87.6195 0 0 0
59 1 83.2227 77.0611 88.3887 0 0 0
60 1 82.3240 77.3167 88.8194 0 0 0
61 1 81.3528 77.4931 89.4788 0 0 0
62 1 80.1444 77.3036 90.6524 0 0 0
63 1 79.1204 77.2722 91.2710 0 0 0
64 1 77.6610 77.0264 91.7437 0 0 0
65 1 76.5252 76.6947 91.4326 0 0 0
66 1 75.2886 76.3014 90.8316 0 0 0
67 1 74.2852 76.1064 90.3194 0 0 0
68 1 73.3427 75.7899 89.6469 0 0 0
69 1 71.7661 75.4288 88.6118 0 0 0
70 1 70.7091 75.2689 88.4551 0 0 0
71 1 68.9897 76.1628 88.6628 0 0 0
72 1 67.7485 75.7434 88.8295 0 0 0
73 1 66.8914 74.5802 89.2497 0 0 0
74 1 66.9575 73.0744 89.4998 0 0 0
75 1 66.7943 71.6984 90.0380 0 0 0
76 1 66.6809 70.8729 90.7117 0 0 0
77 1 66.0469 70.1227 91.4667 0 0 0
78 1 65.6127 69.3729 92.0324 0 0 0
79 1 65.5924 68.2506 92.6215 0 0 0
80 1 65.4149 67.2817 93.6523 0 0 0
81 1 65.9817 66.2767 94.6858 0 0 0
82 1 66.7513 65.7814 95.2282 0 0 0
83 1 67.5538 65.8386 96.3777 0 0 0
84 1 68.6215 66.1619 97.6699 0 0 0
85 1 69.6933 66.1001 98.1475 0 0 0
86 1 70.5538 66.2879 98.9043 0 0 0
87 1 71.0586 66.0447 99.9170 0 0 0
88 1 71.6523 65.8829 101.1229 0 0 0
89 1 72.4757 65.4431 102.0997 0 0 0
90 1 72.8783 66.3853 102.4609 0 0 0
91 1 73.6234 67.1081 102.1755 0 0 0
92 1 74.4060 67.8171 101.9627 0 0 0
93 1 75.2662 68.2177 101.8240 0 0 0
94 1 76.1787 68.7922 100.8847 0 0 0
95 1 77.1495 69.0237 99.8377 0 0 0
96 1 77.8469 69.2632 98.8141 0 0 0
97 1 78.3678 69.3860 97.5731 0 0 0
98 1 78.9105 69.0652 96.6069 0 0 0
99 1 79.6889 68.4994 95.6125 0 0 0
100 1 80.6087 68.2032 95.0464 0 0 0
101 1 82.0787 68.8261 94.3957 0 0 0
102 1 83.6763 68.7307 93.5126 0 0 0
103 1 85.6413 68.4349 92.8128 0 0 0
104 1 86.7437 68.0015 92.1704 0 0 0
105 1 87.6452 67.3989 92.0570 0 0 0
106 1 88.7580 66.6339 92.1999 0 0 0
107 1 89.3532 65.8722 92.4117 0 0 0
108 1 90.5264 65.5096 93.0158 0 0 0
109 1 91.4701 65.0527 93.6451 0 0 0
110 1 92.8729 64.7189 94.0240 0 0 0
111 1 94.1022 65.4945 93.2849 0 0 0
112 1 94.9164 66.0931 92.2613 0 0 0
113 1 95.0988 66.4558 90.9641 0 0 0
114 1 95.6216 66.2658 89.5824 0 0 0
115 1 96.4804 66.1127 88.2422 0 0 0
116 1 96.6849 65.5325 86.9832 0 0 0
117 1 96.7944 65.9676 85.2893 0 0 0
118 1 96.9604 66.5090 84.4909 0 0 0
119 1 98.2565 66.7089 83.2695 0 0 0
120 1 98.8234 67.2277 82.1025 0 0 0
121 1 99.0792 68.0374 80.7934 0 0 0
122 1 98.9415 69.1363 79.9827 0 0 0
123 1 98.0597 70.2861 78.4894 0 0 0
124 1 97.4950 70.7692 77.5098 0 0 0
125 1 96.7666 70.6845 76.4609 0 0 0
126 1 95.7149 70.7816 75.4392 0 0 0
127 1 94.2843 70.4179 74.9979 0 0 0
128 1 93.0671 70.3226 74.7329 0 0 0
129 1 91.6860 69.6340 73.8579 0 0 0
130 1 90.4765 69.2841 72.8798 0 0 0
131 1 89.3808 69.7983 72.6542 0 0 0
132 1 88.3298 69.7969 72.7267 0 0 0
133 1 86.9894 69.6507 73.0059 0 0 0
134 1 86.1424 69.0950 73.6487 0 0 0
135 1 86.0303 68.5611 74.5821 0 0 0
136 1 85.9534 68.0991 75.6798 0 0 0
137 1 85.0034 67.2804 76.6476 0 0 0
138 1 84.0018 66.5474 76.9398 0 0 0
139 1 82.2052 65.9415 77.3389 0 0 0
140 1 81.2878 65.5668 77.6006 0 0 0
141 1 80.3777 65.1110 77.7798 0 0 0
142 1 78.9816 65.0657 78.0673 0 0 0
143 1 77.7789 66.1434 78.2552 0 0 0
144 1 77.1304 66.9707 77.9199 0 0 0
145 1 76.8007 68.1623 77.0121 0 0 0
146 1 76.3393 69.6650 76.4857 0 0 0
147 1 75.9161 70.6002 75.9128 0 0 0
148 1 76.0300 71.4152 74.8238 0 0 0
149 1 76.2574 71.7731 73.6865 0 0 0
150 1 76.2522 72.3200 72.5973 0 0 0
151 1 76.7947 72.9346 71.8630 0 0 0
152 1 76.4636 73.1491 70.5427 0 0 0
153 1 75.8320 74.0830 70.2228 0 0 0
154 1 74.7064 74.8299 70.3671 0 0 0
155 1 73.9003 76.0734 70.2381 0 0 0
156 1 73.7332 77.4891 70.7679 0 0 0
157 1 73.8715 78.0352 72.0423 0 0 0
158 1 73.5632 78.6949 73.1233 0 0 0
159 1 72.7044 79.2492 74.2193 0 0 0
160 1 71.7471 80.0983 74.3669 0 0 0
161 1 71.0828 80.6037 74.9778 0 0 0
162 1 70.5577 80.4512 76.0768 0 0 0
163 1 70.0198 79.8814 76.8474 0 0 0
164 1 70.0021 79.2880 77.7508 0 0 0
165 1 69.8742 78.4799 78.9785 0 0 0
166 1 69.9291 77.4578 79.6223 0 0 0
167 1 69.9827 76.1952 79.5823 0 0 0
168 1 70.1254 75.1733 79.4160 0 0 0
169 1 70.1473 73.8019 79.5226 0 0 0
170 1 70.3405 72.8197 80.0445 0 0 0
171 1 70.6839 71.6257 80.4696 0 0 0
172 1 71.5927 70.7567 80.7769 0 0 0
173 1 72.2161 69.7133 80.9187 0 0 0
174 1 73.1822 68.4659 80.8946 0 0 0
175 1 74.1638 67.2015 80.3866 0 0 0
176 1 74.8785 66.3432 80.2737 0 0 0
177 1 76.0060 65.5638 80.2174 0 0 0
178 1 77.0700 64.7580 79.4689 0 0 0
179 1 77.6762 64.2339 78.7735 0 0 0
180 1 78.6499 63.4270 77.8782 0 0 0
181 1 79.7673 63.1725 77.5790 0 0 0
182 1 81.0793 63.4154 77.6285 0 0 0
183 1 82.1766 63.2734 77.7628 0 0 0
184 1 83.2380 63.4039 77.8854 0 0 0
185 1 84.1433 62.9449 78.2939 0 0 0
186 1 85.5463 61.5657 79.0254 0 0 0
187 1 86.6385 60.9110 79.5653 0 0 0
188 1 87.4247 60.2673 80.1991 0 0 0
189 1 88.3806 59.6851 80.6487 0 0 0
190 1 88.8820 58.8524 81.4330 0 0 0
191 1 89.2042 57.7760 81.9989 0 0 0
192 1 89.4961 56.6786 82.9268 0 0 0
193 1 89.8653 55.7377 83.6959 0 0 0
194 1 90.1650 54.7376 85.6523 0 0 0
195 1 90.2230 54.2749 86.5553 0 0 0
196 1 89.6962 53.6739 87.3916 0 0 0
197 1 89.2275 51.9158 88.7237 0 0 0
198 1 89.3689 51.1446 89.7308 0 0 0
199 1 89.1779 50.3392 90.4402 0 0 0
200 1 88.7004 49.2027 91.1222 0 0 0
201 1 87.6966 48.6639 91.6654 0 0 0
202 1 86.3255 48.8595 92.4418 0 0 0
203 1 85.2511 49.1955 92.8856 0 0 0
204 1 84.3081 48.9602 93.2242 0 0 0
205 1 82.9927 48.7097 93.1475 0 0 0
206 1 81.7823 48.8816 92.5601 0 0 0
207 1 80.4079 49.0890 91.8799 0 0 0
208 1 79.0438 49.4548 91.8246 0 0 0
209 1 77.9725 49.9530 91.2591 0 0 0
210 1 77.0447 50.7428 90.2740 0 0 0
211 1 76.8660 51.7514 89.7020 0 0 0
212 1 76.6020 52.2302 88.5988 0 0 0
213 1 76.3376 53.0422 87.3657 0 0 0
214 1 75.8653 53.6326 86.5941 0 0 0
215 1 75.0257 54.2284 85.4926 0 0 0
216 1 74.5428 54.5132 84.5162 0 0 0
217 1 73.4029 54.9057 83.0976 0 0 0
218 1 72.3559 55.0811 82.4491 0 0 0
219 1 71.5242 55.0353 81.6723 0 0 0
220 1 71.0932 56.0970 80.1683 0 0 0
221 1 70.4079 56.7452 79.6953 0 0 0
222 1 69.8389 58.1732 79.8294 0 0 0
223 1 69.5502 59.8098 79.8450 0 0 0
224 1 69.9332 61.0231 79.8870 0 0 0
225 1 70.3661 62.2431 79.4272 0 0 0
226 1 71.0667 63.5844 79.1470 0 0 0
227 1 71.9105 63.9933 79.7461 0 0 0
228 1 72.0463 64.5895 81.9811 0 0 0
229 1 72.1407 65.2607 82.7648 0 0 0
230 1 71.8800 66.1999 83.6489 0 0 0
231 1 72.3336 66.3405 84.8361 0 0 0
232 1 72.9771 66.0238 85.9421 0 0 0
233 1 73.5956 64.7831 86.5965 0 0 0
234 1 73.9116 63.3101 87.4916 0 0 0
235 1 73.7016 62.1858 88.1674 0 0 0
236 1 74.1310 61.4644 89.3144 0 0 0
237 1 73.9595 61.0102 90.3084 0 0 0
238 1 73.6391 60.5633 91.4993 0 0 0
239 1 73.5330 60.0509 92.8593 0 0 0
240 1 73.0172 59.4294 93.5679 0 0 0
241 1 72.5031 58.6521 94.1962 0 0 0
242 1 71.9710 57.7136 95.2394 0 0 0
243 1 71.2690 56.4849 95.5561 0 0 0
244 1 70.4889 55.3089 96.1559 0 0 0
245 1 69.7423 54.6788 96.4267 0 0 0
246 1 68.9888 53.8920 97.0899 0 0 0
247 1 68.2711 53.1540 97.4648 0 0 0
248 1 67.3560 52.8359 97.3922 0 0 0
249 1 66.3429 52.2364 97.0575 0 0 0
250 1 65.2522 51.7824 96.9166 0 0 0
251 1 64.7327 50.7217 96.6867 0 0 0
252 1 63.9804 49.7013 96.9564 0 0 0
253 1 62.9802 48.2284 97.0371 0 0 0
254 1 62.3227 47.6041 97.5344 0 0 0
255 1 61.9535 46.5644 97.7375 0 0 0
256 1 62.3164 45.4849 97.6891 0 0 0
257 1 62.9538 44.5416 97.8395 0 0 0
258 1 63.7611 43.9530 98.3065 0 0 0
259 1 65.2844 42.7880 98.8645 0 0 0
260 1 66.2528 42.0492 98.9052 0 0 0
261 1 67.3423 41.8415 98.8381 0 0 0
262 1 68.4064 41.7057 98.0869 0 0 0
263 1 69.0548 41.3660 97.0618 0 0 0
264 1 69.5360 40.9972 95.9029 0 0 0
265 1 70.2770 40.8401 95.1375 0 0 0
266 1 70.9834 40.7138 94.0516 0 0 0
267 1 72.0913 40.7180 92.9405 0 0 0
268 1 73.5983 40.7159 92.5295 0 0 0
269 1 74.4229 40.6476 91.4717 0 0 0
270 1 75.4751 40.6491 90.9004 0 0 0
271 1 76.5719 41.0647 90.6795 0 0 0
272 1 77.3062 42.4731 90.2218 0 0 0
273 1 77.6068 43.9345 90.0547 0 0 0
274 1 77.9090 45.0733 90.0616 0 0 0
275 1 78.0686 46.1557 90.1460 0 0 0
276 1 77.8161 47.7585 91.2371 0 0 0
277 1 77.8342 48.6452 91.8959 0 0 0
278 1 77.9986 49.7539 93.0582 0 0 0
279 1 77.9737 50.4001 94.2030 0 0 0
280 1 78.1382 51.2548 95.1718 0 0 0
281 1 78.4155 52.6467 96.0336 0 0 0
282 1 78.2659 53.3904 97.0524 0 0 0
283 1 77.8086 53.8530 98.1918 0 0 0
284 1 76.7890 53.7874 99.2144 0 0 0
285 1 76.0900 54.4542 100.4731 0 0 0
286 1 75.7049 54.9850 101.4203 0 0 0
287 1 75.2122 55.4681 102.8574 0 0 0
288 1 74.8759 55.0146 103.9156 0 0 0
289 1 74.9019 54.7927 104.9227 0 0 0
290 1 75.6071 54.2564 106.2147 0 0 0
291 1 76.5564 53.2733 107.2880 0 0 0
292 1 77.3501 52.4474 107.8094 0 0 0
293 1 78.1644 51.0178 107.0247 0 0 0
294 1 78.7570 50.0485 106.7197 0 0 0
295 1 78.4874 48.9357 106.1465 0 0 0
296 1 78.0951 48.2846 105.0091 0 0 0
297 1 77.7391 47.6731 103.3281 0 0 0
298 1 76.9980 46.9511 102.7234 0 0 0
299 1 75.8743 46.2880 102.0306 0 0 0
300 1 74.9737 46.0956 101.5358 0 0 0
301 1 74.0865 46.2227 101.1285 0 0 0
302 1 73.2405 46.5121 100.4714 0 0 0
303 1 72.7222 46.5682 99.5470 0 0 0
304 1 72.3166 46.8891 98.6902 0 0 0
305 1 71.7899 47.1141 97.3406 0 0 0
306 1 71.3274 48.1169 95.7306 0 0 0
307 1 71.0355 48.9675 94.9972 0 0 0
308 1 70.9984 49.8834 93.9078 0 0 0
309 1 71.3899 49.8486 92.5083 0 0 0
310 1 72.1789 49.9190 91.5849 0 0 0
311 1 72.9765 49.8725 90.9196 0 0 0
312 1 73.7956 50.5730 90.4675 0 0 0
313 1 75.0191 50.9746 90.7498 0 0 0
314 1 75.9565 51.4881 90.9893 0 0 0
315 1 76.7656 52.1368 90.6419 0 0 0
316 1 77.7402 52.5751 90.0857 0 0 0
317 1 78.5118 53.7166 90.0065 0 0 0
318 1 79.7114 54.4048 89.9850 0 0 0
319 1 80.9751 54.7981 90.1653 0 0 0
320 1 82.4484 54.7207 89.9684 0 0 0
321 1 83.1555 54.7882 89.0788 0 0 0
322 1 83.6682 55.4782 87.7049 0 0 0
323 1 84.0070 55.7920 86.7604 0 0 0
324 1 83.3104 56.2784 85.7998 0 0 0
325 1 82.4264 56.5245 84.6464 0 0 0
326 1 81.7581 56.7825 83.8680 0 0 0
327 1 81.0834 57.3177 82.6639 0 0 0
328 1 80.4759 58.1222 82.1386 0 0 0
329 1 79.7343 58.7782 81.9164 0 0 0
330 1 78.3394 60.1727 81.6173 0 0 0
331 1 76.8310 61.0499 81.7625 0 0 0
332 1 75.9922 61.5360 82.4469 0 0 0
333 1 75.6519 62.5710 82.8871 0 0 0
334 1 74.8836 62.9872 84.2813 0 0 0
335 1 73.7641 63.0557 85.3886 0 0 0
336 1 73.2778 62.6137 86.4861 0 0 0
337 1 72.7640 61.9644 87.4368 0 0 0
338 1 72.2904 61.2230 88.3333 0 0 0
339 1 71.6518 60.7650 89.2101 0 0 0
340 1 71.9775 60.1864 90.4443 0 0 0
341 1 72.2079 59.5294 91.6251 0 0 0
342 1 73.0416 59.2237 92.2694 0 0 0
343 1 74.0693 58.9548 93.0046 0 0 0
344 1 74.8945 58.9788 93.5689 0 0 0
345 1 75.3508 59.0884 94.5345 0 0 0
346 1 75.7112 58.9482 95.7198 0 0 0
347 1 75.8333 58.4756 97.0136 0 0 0
348 1 75.8374 58.1490 98.2192 0 0 0
349 1 76.3118 57.3114 98.7174 0 0 0
350 1 77.6341 57.0415 99.0276 0 0 0
351 1 78.3979 56.2230 99.4038 0 0 0
352 1 79.1003 55.3681 100.2055 0 0 0
353 1 79.4401 54.7457 101.0577 0 0 0
354 1 79.6934 53.6406 101.3171 0 0 0
355 1 79.7073 51.8809 100.8606 0 0 0
356 1 78.7134 51.2031 100.6649 0 0 0
357 1 76.9364 50.8368 100.7397 0 0 0
358 1 75.4370 51.3758 100.6997 0 0 0
359 1 74.0958 52.1505 100.4856 0 0 0
360 1 73.3190 52.9855 101.0079 0 0 0
361 1 72.5925 53.9717 101.2347 0 0 0
362 1 71.9991 54.8975 101.5633 0 0 0
363 1 70.6713 56.3076 102.0769 0 0 0
364 1 69.6182 57.0723 102.3455 0 0 0
365 1 69.2398 58.2800 102.7907 0 0 0
366 1 68.7471 59.1255 103.2578 0 0 0
367 1 68.8878 60.1650 103.9559 0 0 0
368 1 69.1786 60.9191 104.8709 0 0 0
369 1 70.1320 61.3997 105.8423 0 0 0
370 1 70.9055 61.7832 106.7477 0 0 0
371 1 71.7173 61.3249 107.7032 0 0 0
372 1 72.2461 60.5338 108.2820 0 0 0
373 1 72.9313 59.4293 108.2931 0 0 0
374 1 73.2210 58.4413 108.0366 0 0 0
375 1 73.6819 57.9468 107.1566 0 0 0
376 1 74.6656 59.0270 106.0270 0 0 0
377 1 75.5511 59.6857 105.3764 0 0 0
378 1 76.3443 60.2368 105.0690 0 0 0
379 1 76.7287 61.2844 104.7568 0 0 0
380 1 77.9849 62.8111 104.5801 0 0 0
381 1 79.1299 63.9417 105.3633 0 0 0
382 1 79.6016 64.4206 106.1569 0 0 0
383 1 79.5177 65.1685 107.1851 0 0 0
384 1 79.9289 65.6368 108.1751 0 0 0
385 1 80.4170 66.7284 108.6649 0 0 0
386 1 80.7601 67.7476 108.8924 0 0 0
387 1 80.5896 68.6090 109.3887 0 0 0
388 1 80.0621 69.4502 110.5212 0 0 0
389 1 79.8142 70.4584 111.0162 0 0 0
390 1 79.8476 71.6762 111.0369 0 0 0
391 1 79.0704 72.7176 111.2970 0 0 0
392 1 77.8993 73.4897 111.7990 0 0 0
393 1 77.1574 74.3657 112.0172 0 0 0
394 1 76.4266 75.3335 112.7284 0 0 0
395 1 75.2176 76.8415 113.6308 0 0 0
396 1 74.6883 77.5065 114.2950 0 0 0
397 1 73.9801 78.2508 115.1330 0 0 0
398 1 74.3401 79.2439 115.8308 0 0 0
399 1 74.3946 80.4194 116.2060 0 0 0
400 1 74.4268 81.9604 116.0045 0 0 0
401 1 74.2622 83.1959 115.9935 0 0 0
402 1 74.1524 84.4784 115.9662 0 0 0
403 1 74.0954 85.2780 117.2058 0 0 0
404 1 74.7049 86.7035 118.5351 0 0 0
405 1 74.3818 87.6076 119.3054 0 0 0
406 1 73.9724 87.4249 120.4673 0 0 0
407 1 73.0736 87.0157 120.9073 0 0 0
408 1 72.1404 85.9393 121.2773 0 0 0
409 1 71.7903 84.7202 121.1634 0 0 0
410 1 71.5625 83.2216 120.8400 0 0 0
411 1 71.4632 81.9031 121.2034 0 0 0
412 1 71.2019 80.9133 121.5132 0 0 0
413 1 71.0186 79.6565 122.4824 0 0 0
414 1 70.2191 78.8518 122.2272 0 0 0
415 1 69.5320 77.8932 122.5973 0 0 0
416 1 68.3707 76.6440 122.4218 0 0 0
417 1 68.0262 75.3405 122.1736 0 0 0
418 1 68.2856 74.1314 121.2270 0 0 0
419 1 68.6095 73.1657 120.6869 0 0 0
420 1 69.4027 72.2541 120.0497 0 0 0
421 1 70.2933 71.3621 119.0688 0 0 0
422 1 71.0403 70.9673 118.3048 0 0 0
423 1 71.8852 70.4584 117.8271 0 0 0
424 1 72.3807 69.5313 117.3866 0 0 0
425 1 72.4336 68.4453 116.6773 0 0 0
426 1 72.7682 66.8102 115.8234 0 0 0
427 1 73.0645 65.9911 114.4589 0 0 0
428 1 73.4182 64.6878 112.6363 0 0 0
429 1 73.6921 63.9319 111.9455 0 0 0
430 1 74.0700 62.8078 111.1265 0 0 0
431 1 74.9814 62.1692 110.2113 0 0 0
432 1 75.7270 61.7436 109.7240 0 0 0
433 1 76.5351 61.0614 109.4012 0 0 0
434 1 77.6142 59.9870 109.1891 0 0 0
435 1 78.2810 59.2940 109.1775 0 0 0
436 1 79.5115 58.4470 109.1296 0 0 0
437 1 80.5698 58.1098 109.0546 0 0 0
438 1 82.2726 57.3794 110.4440 0 0 0
439 1 83.2662 57.7615 110.6149 0 0 0
440 1 84.4810 58.2852 110.1110 0 0 0
441 1 85.2388 59.0619 109.8610 0 0 0
442 1 85.9525 59.9866 109.3413 0 0 0
443 1 86.5148 60.3492 108.5999 0 0 0
444 1 87.2150 61.0806 108.3711 0 0 0
445 1 88.1855 61.5643 107.6843 0 0 0
446 1 89.0138 61.9196 107.0706 0 0 0
447 1 89.8328 62.7966 106.4142 0 0 0
448 1 90.4822 63.0830 105.6334 0 0 0
449 1 90.9982 63.8046 104.6320 0 0 0
450 1 91.2313 64.5410 103.6679 0 0 0
451 1 90.5285 65.9465 102.8218 0 0 0
452 1 90.4285 66.1699 101.7272 0 0 0
453 1 90.1642 67.2062 101.1669 0 0 0
454 1 89.8729 67.6913 100.2002 0 0 0
455 1 89.1374 68.1904 99.0435 0 0 0
456 1 88.3271 68.0207 98.0411 0 0 0
457 1 87.4519 68.2811 96.5107 0 0 0
458 1 87.1714 68.6604 95.4686 0 0 0
459 1 86.4626 69.1410 94.5338 0 0 0
460 1 85.9452 69.6795 93.5024 0 0 0
461 1 85.0597 70.5126 92.9581 0 0 0
462 1 85.0691 71.9017 92.5389 0 0 0
463 1 85.4735 73.0035 93.1633 0 0 0
464 1 85.7676 74.1293 94.1142 0 0 0
465 1 86.0361 75.1581 94.5983 0 0 0
466 1 85.8716 76.1875 94.9238 0 0 0
467 1 86.0256 77.3684 95.5277 0 0 0
468 1 85.5458 77.9648 96.6614 0 0 0
469 1 85.3724 78.2770 97.8761 0 0 0
470 1 84.9540 78.4151 99.2255 0 0 0
471 1 84.5884 79.2625 100.2359 0 0 0
472 1 84.0960 80.3466 100.2999 0 0 0
473 1 83.5824 81.3107 100.3353 0 0 0
474 1 82.5744 81.8411 101.1987 0 0 0
475 1 82.0719 82.0123 102.1581 0 0 0
476 1 81.4407 82.3711 103.0774 0 0 0
477 1 80.3873 82.5404 103.6121 0 0 0
478 1 79.3890 82.6018 104.1837 0 0 0
479 1 78.1557 82.4349 104.8123 0 0 0
480 1 77.1126 82.3839 104.9713 0 0 0
481 1 76.4295 82.2927 105.6408 0 0 0
482 1 74.9677 81.9811 105.5186 0 0 0
483 1 73.9540 82.2064 105.1922 0 0 0
484 1 73.0854 82.1794 104.3298 0 0 0
485 1 72.3057 82.4087 103.7924 0 0 0
486 1 71.2729 82.2795 102.7388 0 0 0
487 1 70.6482 81.7595 101.9194 0 0 0
488 1 70.4023 80.5645 100.6045 0 0 0
489 1 69.9092 79.6192 99.8483 0 0 0
490 1 69.6275 78.7378 99.3420 0 0 0
491 1 69.4372 78.0827 98.4584 0 0 0
492 1 69.3443 77.1716 98.0662 0 0 0
493 1 69.8490 76.6586 96.7867 0 0 0
494 1 69.8298 76.1116 95.8749 0 0 0
495 1 69.1516 75.4236 95.1316 0 0 0
496 1 68.4730 74.9148 94.4152 0 0 0
497 1 67.5446 73.9601 94.5370 0 0 0
498 1 66.5068 73.9485 94.7221 0 0 0
499 1 65.3186 73.8943 94.3687 0 0 0
500 1 64.2298 73.1705 94.2138 0 0 0
501 1 63.1003 72.5258 94.2348 0 0 0
502 1 62.2670 71.9434 93.8765 0 0 0
503 1 61.1088 71.5990 94.0767 0 0 0
504 1 60.1509 71.5937 94.4653 0 0 0
505 1 58.9250 71.5223 94.6855 0 0 0
506 1 57.8328 71.5401 94.2624 0 0 0
507 1 55.9417 71.5444 93.4080 0 0 0
508 1 54.7213 72.3385 93.6806 0 0 0
509 1 53.3600 73.3873 93.4414 0 0 0
510 1 52.8238 74.2093 94.4084 0 0 0
511 1 52.2075 74.6712 95.0190 0 0 0
512 1 52.0221 74.8407 95.9415 0 0 0
513 1 52.1832 75.1160 97.0452 0 0 0
514 1 52.1504 75.0903 98.3563 0 0 0
515 1 52.4354 74.4563 99.6732 0 0 0
516 1 52.1465 74.0112 101.4202 0 0 0
517 1 52.1760 73.7321 102.4569 0 0 0
518 1 52.4880 73.0732 103.2966 0 0 0
519 1 52.5369 71.9449 104.2293 0 0 0
520 1 52.3969 71.1111 105.2154 0 0 0
521 1 52.4849 70.4762 106.1447 0 0 0
522 1 53.0839 69.4667 107.1550 0 0 0
523 1 53.0261 68.6198 107.7542 0 0 0
524 1 52.6839 67.5628 107.7034 0 0 0
525 1 52.4586 66.4532 107.4413 0 0 0
526 1 52.6184 65.2125 107.0433 0 0 0
527 1 52.8437 64.0110 106.6958 0 0 0
528 1 53.9365 63.2755 106.4874 0 0 0
529 1 54.7840 62.6328 106.1486 0 0 0
530 1 55.7603 62.4133 105.8695 0 0 0
531 1 57.4960 62.6961 105.9081 0 0 0
532 1 58.3375 63.0629 105.4703 0 0 0
533 1 60.2229 63.3903 105.2731 0 0 0
534 1 61.1206 63.7904 104.7670 0 0 0
535 1 62.2229 63.9250 104.6583 0 0 0
536 1 64.0065 64.5443 104.4532 0 0 0
537 1 64.8033 65.4886 104.0959 0 0 0
538 1 65.8670 66.0948 103.4854 0 0 0
539 1 67.2645 66.7893 103.0490 0 0 0
540 1 67.6364 67.6955 102.6568 0 0 0
541 1 67.9608 68.5156 101.9257 0 0 0
542 1 68.5867 69.3255 101.1832 0 0 0
543 1 68.9462 70.5832 101.0632 0 0 0
544 1 68.8790 71.8292 100.5207 0 0 0
545 1 69.1079 72.7910 100.2299 0 0 0
546 1 69.3016 73.8644 99.6589 0 0 0
547 1 68.8665 74.8975 99.2069 0 0 0
548 1 68.2446 76.2316 98.9473 0 0 0
549 1 67.6140 77.1806 98.7090 0 0 0
550 1 67.1198 78.1763 97.7965 0 0 0
551 1 66.8120 79.0446 97.4214 0 0 0
552 1 66.2792 80.0406 97.4908 0 0 0
553 1 66.8551 81.0068 97.5642 0 0 0
554 1 67.2961 81.8981 97.7743 0 0 0
555 1 67.9719 83.2666 97.7515 0 0 0
556 1 68.6821 84.7802 97.8549 0 0 0
557 1 68.9656 86.0089 97.8086 0 0 0
558 1 69.1238 87.0439 98.2267 0 0 0
559 1 69.1930 88.9917 97.9675 0 0 0
560 1 69.8863 89.8365 97.6228 0 0 0
561 1 70.3696 90.8588 97.7030 0 0 0
562 1 70.5953 91.8394 98.0798 0 0 0
563 1 71.1517 92.8170 98.4348 0 0 0
564 1 72.1008 93.3926 99.1303 0 0 0
565 1 72.5459 94.0396 99.9150 0 0 0
566 1 73.2530 94.6501 100.7339 0 0 0
567 1 73.4493 95.3733 101.5469 0 0 0
568 1 73.4507 96.9049 102.0286 0 0 0
569 1 74.8602 98.3374 103.3405 0 0 0
570 1 75.6949 98.8876 104.0199 0 0 0
571 1 76.5463 99.0126 104.8539 0 0 0
572 1 77.3003 99.1843 105.7131 0 0 0
573 1 77.9679 98.7373 106.6068 0 0 0
574 1 78.6865 98.3526 107.9945 0 0 0
575 1 79.4046 97.7961 108.6869 0 0 0
576 1 80.3271 97.1028 109.7936 0 0 0
577 1 80.9995 96.3180 110.5178 0 0 0
578 1 81.5681 95.9071 111.2824 0 0 0
579 1 82.6831 94.9355 112.3635 0 0 0
580 1 83.2106 94.6582 113.1128 0 0 0
581 1 83.9681 94.3787 113.7231 0 0 0
582 1 84.8124 94.0413 114.2516 0 0 0
583 1 85.3131 93.0163 114.7347 0 0 0
584 1 86.6351 91.6783 114.2615 0 0 0
585 1 87.8112 91.0440 113.7213 0 0 0
586 1 88.8668 90.8264 112.8833 0 0 0
587 1 90.2491 90.6735 111.9539 0 0 0
588 1 91.1955 90.5707 110.9806 0 0 0
589 1 91.5419 89.7258 110.0065 0 0 0
590 1 91.6049 88.6208 108.9977 0 0 0
591 1 91.3670 87.7436 108.5361 0 0 0
592 1 91.3928 86.5044 107.5570 0 0 0
593 1 91.3965 85.3945 107.1947 0 0 0
594 1 91.5794 83.8726 106.8607 0 0 0
595 1 91.2565 82.7974 107.1040 0 0 0
596 1 90.6524 81.6753 107.0243 0 0 0
597 1 90.1510 80.7480 106.6550 0 0 0
598 1 89.6191 79.9948 106.0912 0 0 0
599 1 89.0827 78.9456 105.4596 0 0 0
600 1 88.8717 77.7981 105.1875 0 0 0
601 1 88.9341 76.6525 104.6900 0 0 0
602 1 88.6467 75.6111 103.7652 0 0 0
603 1 88.6384 74.6494 102.7722 0 0 0
604 1 87.5593 74.5673 101.4388 0 0 0
605 1 86.5182 74.5163 100.9974 0 0 0
606 1 85.5711 74.6672 100.5927 0 0 0
607 1 84.5080 74.4981 99.9909 0 0 0
608 1 82.9519 74.0164 99.1705 0 0 0
609 1 82.0156 73.5617 98.7303 0 0 0
610 1 80.7179 72.5980 98.8258 0 0 0
611 1 79.5196 72.0070 98.4219 0 0 0
612 1 79.1346 71.4443 97.6305 0 0 0
613 1 78.4211 70.9103 96.8723 0 0 0
614 1 77.6433 70.3213 95.9668 0 0 0
615 1 76.8253 69.5950 95.2039 0 0 0
616 1 75.8406 68.5873 94.7712 0 0 0
617 1 74.7805 67.9947 94.9509 0 0 0
618 1 73.3376 67.8824 95.8422 0 0 0
619 1 72.1992 68.0015 97.0669 0 0 0
620 1 71.5482 68.1053 97.9065 0 0 0
621 1 71.2211 68.2004 98.9269 0 0 0
622 1 70.6738 68.4149 99.8303 0 0 0
623 1 69.9016 68.8228 100.9193 0 0 0
624 1 69.6956 69.5330 101.6588 0 0 0
625 1 69.1949 70.5468 102.4324 0 0 0
626 1 69.4432 71.5039 102.6850 0 0 0
627 1 70.3548 71.9970 103.3400 0 0 0
628 1 71.4634 72.9601 104.5536 0 0 0
629 1 72.5507 72.9002 105.4082 0 0 0
630 1 73.2709 73.2965 106.2688 0 0 0
631 1 73.7221 73.1034 107.4875 0 0 0
632 1 74.0486 73.2899 108.5237 0 0 0
633 1 74.4553 73.1733 109.7834 0 0 0
634 1 75.0909 72.7432 110.9327 0 0 0
635 1 75.6985 72.6169 111.8463 0 0 0
636 1 76.3502 72.4599 112.6676 0 0 0
637 1 77.2006 72.4957 113.3339 0 0 0
638 1 78.3997 72.5650 113.3268 0 0 0
639 1 79.4351 72.5118 113.2642 0 0 0
640 1 80.3286 72.2905 112.8907 0 0 0
641 1 81.0911 72.0640 112.1330 0 0 0
642 1 81.9007 71.8124 110.7914 0 0 0
643 1 82.4500 71.0296 109.6064 0 0 0
644 1 82.4345 70.5338 108.6719 0 0 0
645 1 81.8323 70.2054 107.5970 0 0 0
646 1 81.3668 69.9688 106.5124 0 0 0
647 1 80.7920 70.5405 105.0249 0 0 0
648 1 80.2702 71.1946 104.1798 0 0 0
649 1 79.6739 71.9332 103.2476 0 0 0
650 1 78.9113 72.3279 102.0916 0 0 0
651 1 78.0048 72.9673 101.5018 0 0 0
652 1 76.6798 73.1883 101.0227 0 0 0
653 1 75.5184 73.4908 100.7737 0 0 0
654 1 74.5077 73.4420 100.5998 0 0 0
655 1 73.3143 72.8918 100.2688 0 0 0
656 1 72.0034 73.3411 100.9444 0 0 0
657 1 70.7911 73.2892 101.5064 0 0 0
658 1 69.4704 73.1787 101.9088 0 0 0
659 1 68.5149 73.6975 102.1769 0 0 0
660 1 67.8593 74.3143 102.7434 0 0 0
661 1 67.0139 74.7790 104.4503 0 0 0
662 1 66.1882 74.9299 105.0819 0 0 0
663 1 65.5803 75.8494 105.5923 0 0 0
664 1 65.2125 76.7998 106.1760 0 0 0
665 1 64.9811 77.9717 106.6585 0 0 0
666 1 64.8279 78.8570 107.1067 0 0 0
667 1 64.7533 79.9478 107.0230 0 0 0
668 1 65.1412 80.8680 106.6213 0 0 0
669 1 65.1837 82.3656 106.6210 0 0 0
670 1 65.3004 83.6613 106.9678 0 0 0
671 1 64.9970 84.8438 106.7921 0 0 0
672 1 65.2069 85.7392 105.7414 0 0 0
673 1 64.8217 86.8850 104.6888 0 0 0
674 1 64.9149 88.0017 103.9140 0 0 0
675 1 64.5065 89.2938 103.1533 0 0 0
676 1 64.7383 90.5779 103.1889 0 0 0
677 1 65.3079 91.9605 103.3368 0 0 0
678 1 65.7835 92.8938 103.8756 0 0 0
679 1 67.0472 92.8954 104.4661 0 0 0
680 1 68.1570 93.0491 104.5413 0 0 0
681 1 69.0876 93.4165 104.2658 0 0 0
682 1 70.0237 93.3690 103.9826 0 0 0
683 1 70.5941 92.6186 103.3323 0 0 0
684 1 71.7349 92.4853 102.6153 0 0 0
685 1 72.8481 93.0334 102.3937 0 0 0
686 1 73.6473 93.8864 102.4337 0 0 0
687 1 74.5316 94.8977 102.2159 0 0 0
688 1 75.7543 95.2054 102.3304 0 0 0
689 1 76.7469 95.4870 102.7661 0 0 0
690 1 77.7730 95.6588 103.3736 0 0 0
691 1 78.6812 95.6499 103.8878 0 0 0
692 1 79.7187 95.5134 103.9199 0 0 0
693 1 80.7736 95.6613 103.7756 0 0 0
694 1 81.8335 96.0013 103.6188 0 0 0
695 1 83.1978 95.7636 103.8320 0 0 0
696 1 83.8307 95.3781 104.5090 0 0 0
697 1 84.6301 94.6751 105.5692 0 0 0
698 1 84.9186 93.5302 106.4491 0 0 0
699 1 84.3910 92.6225 107.4469 0 0 0
700 1 83.4203 92.3184 108.5138 0 0 0
701 1 82.7047 91.2908 108.8342 0 0 0
702 1 81.9912 89.3371 108.6472 0 0 0
703 1 81.9193 88.4013 108.3158 0 0 0
704 1 82.6281 87.3675 108.0463 0 0 0
705 1 83.6770 86.1139 108.1414 0 0 0
706 1 84.6206 85.5266 108.2125 0 0 0
707 1 85.2970 84.3682 108.2008 0 0 0
708 1 85.7096 83.3776 108.2901 0 0 0
709 1 86.1305 82.0677 107.8516 0 0 0
710 1 86.3438 81.4115 107.0681 0 0 0
711 1 86.5781 80.4667 106.3144 0 0 0
712 1 86.7217 79.3819 105.2743 0 0 0
713 1 86.6498 78.4166 104.7934 0 0 0
714 1 86.3690 77.8180 103.5489 0 0 0
715 1 85.9430 76.7995 102.8119 0 0 0
716 1 85.5477 76.1114 101.6063 0 0 0
717 1 85.4927 75.7025 100.5300 0 0 0
718 1 85.4586 75.0429 99.4467 0 0 0
719 1 86.5291 74.2338 98.3991 0 0 0
720 1 87.5170 73.9985 98.0884 0 0 0
721 1 88.5000 73.2358 98.0225 0 0 0
722 1 88.9491 72.5081 97.4089 0 0 0
723 1 89.4139 71.8429 96.6492 0 0 0
724 1 89.5798 71.7646 95.1329 0 0 0
725 1 90.6056 72.4885 94.1187 0 0 0
726 1 91.9775 73.1861 93.7436 0 0 0
727 1 92.4024 74.2566 93.6505 0 0 0
728 1 93.0503 75.9706 92.7004 0 0 0
729 1 93.3273 77.2238 92.3724 0 0 0
730 1 93.2568 78.7279 91.9591 0 0 0
731 1 93.5694 79.9118 91.4533 0 0 0
732 1 93.7076 80.8561 91.0511 0 0 0
733 1 93.3458 82.3958 90.7593 0 0 0
734 1 92.4979 84.0862 90.3066 0 0 0
735 1 91.7779 85.3917 89.9628 0 0 0
736 1 91.0920 86.1339 89.7665 0 0 0
737 1 90.5804 87.2808 89.6357 0 0 0
738 1 90.4303 88.2168 89.0852 0 0 0
739 1 89.7204 89.4383 88.1464 0 0 0
740 1 89.4102 90.2462 87.1401 0 0 0
741 1 89.5189 91.0200 86.4721 0 0 0
742 1 89.1635 91.9541 85.8575 0 0 0
743 1 88.6137 92.8549 85.1119 0 0 0
744 1 88.1633 93.7192 84.8219 0 0 0
745 1 87.4249 94.5696 84.8684 0 0 0
746 1 86.4211 95.3019 85.1690 0 0 0
747 1 85.3283 95.5927 85.7737 0 0 0
748 1 84.3415 95.2997 86.8323 0 0 0
749 1 83.6420 95.4557 87.6695 0 0 0
750 1 82.3912 95.2743 88.2055 0 0 0
751 1 80.7839 95.8517 88.1746 0 0 0
752 1 79.7906 96.3030 88.0947 0 0 0
753 1 78.9962 97.0678 88.1429 0 0 0
754 1 77.8905 97.7112 88.1039 0 0 0
755 1 76.9493 98.1377 88.4419 0 0 0
756 1 75.8744 98.7780 88.5321 0 0 0
757 1 74.8520 99.6883 88.1393 0 0 0
758 1 73.9958 99.6731 87.2818 0 0 0
759 1 73.0125 99.8487 86.5182 0 0 0
760 1 72.4541 99.3714 85.4042 0 0 0
761 1 72.0891 98.8307 84.4279 0 0 0
762 1 71.4009 97.2789 83.5505 0 0 0
763 1 71.1124 96.3311 83.1572 0 0 0
764 1 70.7041 95.0782 83.0711 0 0 0
765 1 70.1442 93.9276 83.1071 0 0 0
766 1 69.3490 93.0121 82.9248 0 0 0
767 1 68.7912 91.9050 82.7367 0 0 0
768 1 68.4754 90.8980 82.5582 0 0 0
769 1 67.9202 89.6548 82.2264 0 0 0
770 1 68.0904 87.8568 81.8895 0 0 0
771 1 67.9974 86.2917 81.3721 0 0 0
772 1 67.3937 85.2983 81.1278 0 0 0
773 1 66.6336 84.6413 80.7982 0 0 0
774 1 65.7764 83.6715 80.6145 0 0 0
775 1 64.7835 82.7584 79.6720 0 0 0
776 1 63.1706 82.6331 79.1124 0 0 0
777 1 62.1861 83.3863 79.0659 0 0 0
778 1 61.1308 83.6438 78.8205 0 0 0
779 1 59.5456 83.5877 78.5850 0 0 0
780 1 58.6173 84.1656 78.6268 0 0 0
781 1 57.7184 84.7624 78.6503 0 0 0
782 1 56.6981 85.5636 78.9548 0 0 0
783 1 55.5730 85.7082 80.2458 0 0 0
784 1 54.7017 85.8781 81.1004 0 0 0
785 1 53.8328 86.0378 81.7189 0 0 0
786 1 53.6071 86.3154 82.8301 0 0 0
787 1 53.5830 86.7654 83.7260 0 0 0
788 1 53.5178 87.0602 84.9368 0 0 0
789 1 52.8680 86.8720 86.1620 0 0 0
790 1 52.1430 86.3380 87.1181 0 0 0
791 1 51.0362 85.5601 88.0567 0 0 0
792 1 50.8862 84.9334 88.8784 0 0 0
793 1 51.0887 85.0380 89.9852 0 0 0
794 1 51.1828 84.9534 91.0790 0 0 0
795 1 52.0302 84.7922 91.9928 0 0 0
796 1 52.1480 85.2337 93.2117 0 0 0
797 1 53.1608 85.4298 94.1501 0 0 0
798 1 53.6668 86.9767 94.5057 0 0 0
799 1 53.9515 88.2887 94.0698 0 0 0
800 1 53.9975 89.3285 94.0981 0 0 0
801 1 54.5817 90.6585 93.4076 0 0 0
802 1 54.2494 92.1332 92.9262 0 0 0
803 1 53.7210 93.4862 92.5096 0 0 0
804 1 53.4122 94.7366 92.4162 0 0 0
805 1 52.9815 95.6150 92.7085 0 0 0
806 1 52.5128 96.5997 93.3208 0 0 0
807 1 52.2795 97.6687 93.9645 0 0 0
808 1 52.0490 98.6626 94.9069 0 0 0
809 1 51.7302 99.4511 95.7605 0 0 0
810 1 51.4846 99.9226 96.7655 0 0 0
811 1 51.8170 100.8464 97.9443 0 0 0
812 1 52.5850 101.6774 98.9202 0 0 0
813 1 53.1194 102.4584 100.2797 0 0 0
814 1 53.4897 102.9085 101.0594 0 0 0
815 1 53.8552 103.4807 102.1046 0 0 0
816 1 53.9217 103.9517 102.9765 0 0 0
817 1 54.6652 104.8998 103.7326 0 0 0
818 1 55.5015 105.4232 104.1793 0 0 0
819 1 56.4511 106.0608 104.1483 0 0 0
820 1 57.5867 106.3613 104.2625 0 0 0
821 1 58.4839 106.2334 104.9873 0 0 0
822 1 59.5010 106.3394 105.7137 0 0 0
823 1 60.5780 106.3221 106.5751 0 0 0
824 1 62.1302 106.3171 106.7147 0 0 0
825 1 63.7023 106.4196 107.7107 0 0 0
826 1 65.3083 106.4736 107.7630 0 0 0
827 1 66.5024 106.5829 107.1402 0 0 0
828 1 67.8611 106.8235 106.2254 0 0 0
829 1 68.8052 107.4016 105.6075 0 0 0
830 1 69.9440 107.6390 105.7356 0 0 0
831 1 70.9131 107.4443 105.3182 0 0 0
832 1 72.4633 107.9078 104.8739 0 0 0
833 1 73.6651 108.2579 104.7158 0 0 0
834 1 75.4260 108.5426 103.5700 0 0 0
835 1 76.7161 108.9994 102.6619 0 0 0
836 1 77.5684 109.1243 102.0584 0 0 0
837 1 78.8751 109.9389 101.5029 0 0 0
838 1 80.1202 110.2140 101.0786 0 0 0
839 1 81.0732 110.7470 99.9314 0 0 0
840 1 81.7969 110.7007 99.1235 0 0 0
841 1 82.2462 110.1737 98.2372 0 0 0
842 1 82.8346 109.3218 97.6981 0 0 0
843 1 83.0915 108.3889 97.4460 0 0 0
844 1 83.3644 107.4169 96.7850 0 0 0
845 1 83.5261 106.5781 96.0874 0 0 0
846 1 84.0656 105.3914 95.8170 0 0 0
847 1 84.6491 104.6441 95.2834 0 0 0
848 1 85.3958 103.6978 94.4438 0 0 0
849 1 85.8807 102.7873 94.0384 0 0 0
850 1 86.6947 101.6772 93.6724 0 0 0
851 1 86.1084 100.8558 93.3485 0 0 0
852 1 85.3311 99.9409 93.2837 0 0 0
853 1 84.8154 98.9469 93.2383 0 0 0
854 1 84.3691 97.1897 93.7112 0 0 0
855 1 83.9683 96.3210 94.3334 0 0 0
856 1 83.5357 94.8200 95.7554 0 0 0
857 1 82.9657 93.5141 96.3908 0 0 0
858 1 82.7219 92.0696 96.7881 0 0 0
859 1 82.1294 91.0566 97.6950 0 0 0
860 1 81.0452 90.2745 98.2652 0 0 0
861 1 79.5989 89.4323 98.7958 0 0 0
862 1 78.6692 88.6152 99.9621 0 0 0
863 1 78.1845 87.4285 100.6941 0 0 0
864 1 77.7842 86.2333 100.9620 0 0 0
865 1 77.4457 85.1072 101.1358 0 0 0
866 1 77.5448 83.8098 101.3571 0 0 0
867 1 77.4954 82.8910 101.9086 0 0 0
868 1 76.5310 81.9766 102.7264 0 0 0
869 1 74.9225 81.8698 103.3675 0 0 0
870 1 73.3431 81.3265 103.5655 0 0 0
871 1 72.6246 80.9204 102.6584 0 0 0
872 1 72.3489 81.1052 101.5709 0 0 0
873 1 71.9166 80.9165 100.6166 0 0 0
874 1 71.6154 81.0781 99.6570 0 0 0
875 1 70.4145 81.2603 97.8825 0 0 0
876 1 69.8752 80.7426 97.1318 0 0 0
877 1 69.3874 80.5408 96.2324 0 0 0
878 1 68.9853 80.2270 95.3794 0 0 0
879 1 68.4682 80.2858 93.9591 0 0 0
880 1 69.1938 80.4184 92.5345 0 0 0
881 1 69.9757 80.4619 91.3877 0 0 0
882 1 70.2672 81.1716 90.6706 0 0 0
883 1 70.6764 82.2630 89.5952 0 0 0
884 1 70.9983 83.1955 88.8797 0 0 0
885 1 71.7751 84.1322 88.2251 0 0 0
886 1 71.9019 85.2306 88.6747 0 0 0
887 1 72.7142 85.4492 89.3586 0 0 0
888 1 73.6894 85.8596 90.6591 0 0 0
889 1 74.5967 86.4606 91.0190 0 0 0
890 1 75.5474 86.9197 91.2195 0 0 0
891 1 76.6732 86.8749 91.6725 0 0 0
892 1 78.2007 86.7952 91.5552 0 0 0
893 1 79.2252 87.1610 91.5531 0 0 0
894 1 80.7345 88.0015 91.4715 0 0 0
895 1 81.7283 88.0895 91.0408 0 0 0
896 1 82.9395 88.5395 90.8620 0 0 0
897 1 84.2126 88.7980 90.7577 0 0 0
898 1 85.3939 89.0138 90.3494 0 0 0
899 1 86.4516 88.9124 90.6951 0 0 0
900 1 87.1277 88.4847 91.4749 0 0 0
901 1 87.8466 88.7188 92.3465 0 0 0
902 1 88.7895 88.7135 92.8764 0 0 0
903 1 89.5187 89.3964 93.6821 0 0 0
904 1 90.0247 90.2047 94.8550 0 0 0
905 1 90.6274 90.5264 96.0238 0 0 0
906 1 91.3025 90.9604 96.7633 0 0 0
907 1 92.2714 90.9726 97.9832 0 0 0
908 1 93.0328 90.9932 98.6610 0 0 0
909 1 93.2067 91.2484 99.8081 0 0 0
910 1 93.7781 91.4797 100.7471 0 0 0
911 1 94.3950 91.5273 101.7525 0 0 0
912 1 95.1067 91.6304 102.9529 0 0 0
913 1 95.5084 91.9851 103.9052 0 0 0
914 1 95.8560 92.1649 105.1142 0 0 0
915 1 95.6954 92.1626 106.3191 0 0 0
916 1 94.8158 92.3258 107.3111 0 0 0
917 1 93.4570 93.3318 107.1845 0 0 0
918 1 92.7358 94.3377 107.1637 0 0 0
919 1 91.7585 94.8240 106.6838 0 0 0
920 1 90.4434 94.4893 106.0486 0 0 0
921 1 89.4519 93.7968 106.0552 0 0 0
922 1 88.3476 93.5078 104.9138 0 0 0
923 1 87.6458 92.9383 103.9917 0 0 0
924 1 87.7902 91.8424 103.1217 0 0 0
925 1 88.2694 90.8834 102.6578 0 0 0
926 1 89.3682 89.6924 102.2078 0 0 0
927 1 90.3439 88.6509 101.9147 0 0 0
928 1 91.2396 88.1485 101.8284 0 0 0
929 1 92.3193 89.0822 102.7776 0 0 0
930 1 92.9095 89.8726 103.2477 0 0 0
931 1 93.4106 90.8204 103.0486 0 0 0
932 1 93.5108 91.9462 102.5625 0 0 0
933 1 93.8441 92.8862 102.0891 0 0 0
934 1 94.0316 93.4443 101.1355 0 0 0
935 1 94.5827 94.1839 100.3154 0 0 0
936 1 95.2941 94.8413 99.8277 0 0 0
937 1 96.2862 96.0671 99.4281 0 0 0
938 1 96.5049 97.1286 98.8318 0 0 0
939 1 96.3709 97.9258 97.9257 0 0 0
940 1 95.8960 98.1777 96.8115 0 0 0
941 1 95.2550 98.4227 95.8573 0 0 0
942 1 94.3573 98.5095 94.7430 0 0 0
943 1 93.3962 98.2918 93.2638 0 0 0
944 1 93.1260 97.7288 91.9145 0 0 0
945 1 92.4613 96.1441 90.4616 0 0 0
946 1 92.9746 95.4855 89.8079 0 0 0
947 1 93.5719 94.4531 88.6594 0 0 0
948 1 93.8427 94.6208 87.5923 0 0 0
949 1 93.3091 95.2319 86.7026 0 0 0
950 1 92.7541 96.0114 86.1260 0 0 0
951 1 92.8605 97.2842 85.3932 0 0 0
952 1 93.0335 98.3413 84.8399 0 0 0
953 1 92.5859 99.1460 84.4406 0 0 0
954 1 92.2188 100.7002 84.2106 0 0 0
955 1 91.5502 101.9084 84.0609 0 0 0
956 1 90.4493 102.8195 83.5826 0 0 0
957 1 89.7789 103.6367 82.5481 0 0 0
958 1 88.7984 103.9180 81.6526 0 0 0
959 1 87.8075 103.8295 81.2585 0 0 0
960 1 86.5686 103.7607 80.7278 0 0 0
961 1 85.1476 103.2174 79.9884 0 0 0
962 1 84.0890 103.3391 79.7308 0 0 0
963 1 83.0980 103.3966 79.5041 0 0 0
964 1 81.9640 103.1366 79.2356 0 0 0
965 1 80.2143 103.6302 78.5965 0 0 0
966 1 79.2870 104.1429 78.7271 0 0 0
967 1 78.4773 104.7056 78.2634 0 0 0
968 1 77.9215 104.8174 77.2022 0 0 0
969 1 76.3902 104.9631 76.0200 0 0 0
970 1 75.5243 105.1365 75.0509 0 0 0
971 1 74.4893 105.1400 74.1407 0 0 0
972 1 74.2697 105.3094 73.1034 0 0 0
973 1 73.7732 105.2921 72.1669 0 0 0
974 1 73.1997 105.6455 71.3584 0 0 0
975 1 73.2695 105.8207 70.2851 0 0 0
976 1 73.3119 105.9684 69.1828 0 0 0
977 1 73.8223 105.6211 68.1059 0 0 0
978 1 74.0895 105.1571 67.0807 0 0 0
979 1 73.9097 104.4539 66.1609 0 0 0
980 1 73.8267 104.0041 65.2046 0 0 0
981 1 73.3305 103.9743 64.3536 0 0 0
982 1 72.5972 104.1541 63.5765 0 0 0
983 1 71.8990 103.5740 62.8311 0 0 0
984 1 72.3016 102.1472 61.9525 0 0 0
985 1 72.7889 101.1085 61.1917 0 0 0
986 1 73.0731 100.2482 60.6036 0 0 0
987 1 73.5770 99.0479 60.0615 0 0 0
988 1 73.5600 98.1536 59.4298 0 0 0
989 1 73.4481 96.7024 58.6104 0 0 0
990 1 73.1676 96.0483 57.3115 0 0 0
991 1 72.7093 95.7914 56.1949 0 0 0
992 1 71.7408 96.3264 55.1020 0 0 0
993 1 70.8807 96.9245 54.7694 0 0 0
994 1 70.0399 97.3209 54.5637 0 0 0
995 1 68.9537 97.0921 54.3589 0 0 0
996 1 67.9268 96.6988 54.2553 0 0 0
997 1 66.8167 96.2255 54.8628 0 0 0
998 1 66.0382 95.5799 55.3870 0 0 0
999 1 64.9418 94.5476 56.2945 0 0 0
1000 1 63.9731 94.3992 56.6893 0 0 0
1001 1 62.4503 94.7780 57.2387 0 0 0
1002 1 60.5702 94.2707 58.4593 0 0 0
1003 1 59.8012 93.9617 59.5453 0 0 0
1004 1 58.9892 93.8668 60.1922 0 0 0
1005 1 58.0895 93.5615 60.7449 0 0 0
1006 1 57.6802 93.1420 61.7751 0 0 0
1007 1 57.3401 92.4708 62.5709 0 0 0
1008 1 56.9780 91.5317 63.6273 0 0 0
1009 1 56.6126 90.5798 64.4213 0 0 0
1010 1 56.1989 89.5761 65.5249 0 0 0
1011 1 56.4178 89.1999 66.4497 0 0 0
1012 1 56.2549 88.8338 68.1519 0 0 0
1013 1 55.7895 88.4330 68.8807 0 0 0
1014 1 55.0296 88.0511 69.3737 0 0 0
1015 1 54.5359 87.7145 70.3414 0 0 0
1016 1 54.3744 87.8767 71.3629 0 0 0
1017 1 54.7305 88.1221 72.5533 0 0 0
1018 1 55.0705 88.5748 73.3605 0 0 0
1019 1 55.5021 88.9465 74.3707 0 0 0
1020 1 56.0900 89.8626 75.5802 0 0 0
1021 1 56.8073 91.7289 77.2606 0 0 0
1022 1 56.8397 92.6440 77.8873 0 0 0
1023 1 56.3915 93.3542 78.8868 0 0 0
1024 1 55.9155 93.9955 79.8588 0 0 0
1025 1 55.0459 94.1291 80.3674 0 0 0
1026 1 54.4723 94.8733 80.5870 0 0 0
1027 1 53.9116 96.0149 80.6068 0 0 0
1028 1 52.8079 96.8385 80.2796 0 0 0
1029 1 51.8898 97.5818 80.2782 0 0 0
1030 1 50.7328 98.0861 80.0800 0 0 0
1031 1 49.8330 98.6254 80.0956 0 0 0
1032 1 48.8126 99.4347 80.0124 0 0 0
1033 1 48.4354 100.5080 80.0788 0 0 0
1034 1 47.5241 101.4076 80.4349 0 0 0
1035 1 46.5220 102.6542 80.8165 0 0 0
1036 1 45.8376 103.4762 80.8962 0 0 0
1037 1 45.1972 105.0946 81.0242 0 0 0
1038 1 44.7995 106.0620 81.2759 0 0 0
1039 1 44.7473 107.4649 81.6271 0 0 0
1040 1 45.0132 108.4042 81.9154 0 0 0
1041 1 45.0585 109.5931 82.0999 0 0 0
1042 1 44.5882 110.5726 82.0533 0 0 0
1043 1 43.4499 111.3480 82.6225 0 0 0
1044 1 42.7502 112.3662 83.1999 0 0 0
1045 1 42.4194 113.2080 83.8041 0 0 0
1046 1 42.1933 113.9194 85.0632 0 0 0
1047 1 42.3288 114.5477 85.9215 0 0 0
1048 1 42.8344 115.4772 86.8108 0 0 0
1049 1 43.4878 116.1293 87.2662 0 0 0
1050 1 43.5063 116.7782 88.0724 0 0 0
1051 1 43.8016 117.4198 89.2608 0 0 0
1052 1 44.2030 117.4578 90.4334 0 0 0
1053 1 43.8274 116.8676 91.7850 0 0 0
1054 1 43.3021 116.2139 93.1301 0 0 0
1055 1 43.6961 115.1720 93.8822 0 0 0
1056 1 43.8199 114.0212 94.6813 0 0 0
1057 1 45.2710 112.6805 95.5345 0 0 0
1058 1 46.3177 112.4973 95.6328 0 0 0
1059 1 48.2359 112.4948 95.5852 0 0 0
1060 1 50.2209 112.9850 95.5444 0 0 0
1061 1 51.6412 112.9578 96.0769 0 0 0
1062 1 52.5114 113.0095 96.7637 0 0 0
1063 1 53.2176 112.8041 98.1485 0 0 0
1064 1 53.5820 112.8362 99.8337 0 0 0
1065 1 54.0718 112.7481 100.7746 0 0 0
1066 1 54.0208 112.4234 101.7829 0 0 0
1067 1 54.2009 111.8463 102.8739 0 0 0
1068 1 54.6199 111.3757 104.1425 0 0 0
1069 1 55.1154 110.9079 105.2521 0 0 0
1070 1 55.4406 110.0706 106.0367 0 0 0
1071 1 55.8318 109.2277 107.2441 0 0 0
1072 1 56.2655 107.9470 107.8093 0 0 0
1073 1 56.1012 106.9441 108.1872 0 0 0
1074 1 55.9209 105.5496 108.6074 0 0 0
1075 1 55.8003 104.2199 108.8549 0 0 0
1076 1 56.0647 103.1922 108.9170 0 0 0
1077 1 56.1674 101.7423 109.1005 0 0 0
1078 1 57.0642 100.2998 109.5363 0 0 0
1079 1 57.5556 99.2928 109.2493 0 0 0
1080 1 58.2563 97.9465 108.6332 0 0 0
1081 1 58.3982 97.2117 107.2634 0 0 0
1082 1 58.9136 96.6774 105.4645 0 0 0
1083 1 59.3317 96.4040 104.3945 0 0 0
1084 1 60.0406 96.6304 103.2864 0 0 0
1085 1 60.3047 97.0770 102.0422 0 0 0
1086 1 60.4476 96.8064 100.9353 0 0 0
1087 1 60.8694 96.6372 99.7927 0 0 0
1088 1 61.5900 95.8387 98.6633 0 0 0
1089 1 61.7465 94.7607 97.8428 0 0 0
1090 1 61.7558 94.3083 96.7168 0 0 0
1091 1 61.9655 93.2889 96.0301 0 0 0
1092 1 62.0398 92.4824 94.9758 0 0 0
1093 1 62.9442 92.1242 94.0849 0 0 0
1094 1 63.8851 91.2187 93.3908 0 0 0
1095 1 64.4554 90.1149 93.1704 0 0 0
1096 1 64.6331 88.9854 92.6934 0 0 0
1097 1 64.7021 87.9562 92.5272 0 0 0
1098 1 65.1291 87.1617 92.2292 0 0 0
1099 1 66.0914 86.4149 91.7368 0 0 0
1100 1 66.8173 86.0950 90.9346 0 0 0
1101 1 67.5361 85.3419 90.3895 0 0 0
1102 1 67.6072 84.3479 90.1534 0 0 0
1103 1 66.8718 83.4941 89.8120 0 0 0
1104 1 66.2064 82.4278 88.9999 0 0 0
1105 1 65.9445 81.6570 88.1185 0 0 0
1106 1 66.1077 80.9675 86.9344 0 0 0
1107 1 66.2762 81.1556 85.8702 0 0 0
1108 1 66.9346 80.9375 84.4949 0 0 0
1109 1 67.9899 80.3243 83.5900 0 0 0
1110 1 69.9288 79.8092 83.6722 0 0 0
1111 1 70.8872 79.7465 84.2793 0 0 0
1112 1 72.0424 79.8147 84.8442 0 0 0
1113 1 72.9894 80.1895 84.9662 0 0 0
1114 1 74.1079 80.5766 85.1414 0 0 0
1115 1 75.3947 80.8300 85.7174 0 0 0
1116 1 75.8379 81.0856 86.5922 0 0 0
1117 1 75.8677 81.4871 87.5821 0 0 0
1118 1 75.2826 82.1593 88.5518 0 0 0
1119 1 75.4356 83.4202 89.4467 0 0 0
1120 1 75.5458 84.4654 89.4451 0 0 0
1121 1 75.9557 85.5370 89.6460 0 0 0
1122 1 76.3503 86.4312 89.3514 0 0 0
1123 1 76.8748 87.3912 88.8531 0 0 0
1124 1 77.3692 88.4553 88.7029 0 0 0
1125 1 77.8793 89.4315 88.7106 0 0 0
1126 1 78.5677 89.9916 88.3099 0 0 0
1127 1 79.6298 90.5773 88.1399 0 0 0
1128 1 80.4411 90.7210 87.0327 0 0 0
1129 1 80.7564 90.9953 85.5115 0 0 0
1130 1 80.8891 91.6555 84.3611 0 0 0
1131 1 80.9967 93.5287 83.1344 0 0 0
1132 1 80.4942 94.4044 82.6406 0 0 0
1133 1 79.8221 95.7238 81.3278 0 0 0
1134 1 79.0426 96.3997 80.7056 0 0 0
1135 1 78.5657 97.1448 80.0167 0 0 0
1136 1 78.3367 98.1182 79.6480 0 0 0
1137 1 78.5084 99.3463 79.3951 0 0 0
1138 1 77.7577 100.2680 79.2235 0 0 0
1139 1 76.7901 100.5524 78.9430 0 0 0
1140 1 75.6152 101.0455 78.6621 0 0 0
1141 1 74.3932 101.5408 78.2176 0 0 0
1142 1 72.9580 101.5876 78.3727 0 0 0
1143 1 71.9719 101.4029 77.9034 0 0 0
1144 1 71.0483 100.8551 77.8100 0 0 0
1145 1 69.8104 100.1358 77.5879 0 0 0
1146 1 68.9787 99.4248 77.3790 0 0 0
1147 1 67.9531 98.9550 77.5977 0 0 0
1148 1 67.0212 99.5884 77.6462 0 0 0
1149 1 66.1333 100.1811 77.5035 0 0 0
1150 1 65.5212 100.8088 76.8820 0 0 0
1151 1 64.5903 101.3520 76.4082 0 0 0
1152 1 63.7594 102.1406 76.0631 0 0 0
1153 1 62.7269 102.9455 76.1692 0 0 0
1154 1 62.0294 104.0837 76.1407 0 0 0
1155 1 61.1753 104.8794 76.5205 0 0 0
1156 1 60.9793 105.4848 77.5194 0 0 0
1157 1 61.7983 106.4545 78.8775 0 0 0
1158 1 62.6389 106.2892 79.6312 0 0 0
1159 1 62.8620 106.3248 80.6302 0 0 0
1160 1 63.7672 106.5209 81.4545 0 0 0
1161 1 64.7775 107.3735 82.3283 0 0 0
1162 1 65.9589 107.7316 83.2705 0 0 0
1163 1 66.8789 108.1819 83.8735 0 0 0
1164 1 67.8781 108.6184 84.1590 0 0 0
1165 1 69.1224 108.6350 83.8267 0 0 0
1166 1 70.2601 109.3781 83.4286 0 0 0
1167 1 70.9626 109.9150 82.7541 0 0 0
1168 1 71.9069 110.3042 81.7929 0 0 0
1169 1 72.9257 111.0088 82.0527 0 0 0
1170 1 73.9845 112.1714 82.1819 0 0 0
1171 1 74.6135 113.1069 82.2320 0 0 0
1172 1 75.0547 113.9081 82.7236 0 0 0
1173 1 75.2152 114.7320 83.3978 0 0 0
1174 1 75.7808 114.8292 84.5872 0 0 0
1175 1 75.5030 114.2225 85.3976 0 0 0
1176 1 75.0083 113.2916 86.0995 0 0 0
1177 1 74.7898 112.4757 86.7314 0 0 0
1178 1 74.4337 111.7096 87.5256 0 0 0
1179 1 73.9510 110.7307 88.4245 0 0 0
1180 1 73.7121 109.8043 89.7039 0 0 0
1181 1 73.0919 109.1577 90.6973 0 0 0
1182 1 72.8306 108.3534 91.5489 0 0 0
1183 1 72.8058 107.3318 91.9741 0 0 0
1184 1 73.1963 106.5737 92.5452 0 0 0
1185 1 73.1018 105.8501 93.3128 0 0 0
1186 1 73.7169 105.0843 94.6377 0 0 0
1187 1 74.4799 103.8056 94.9978 0 0 0
1188 1 75.1693 103.0429 95.1543 0 0 0
1189 1 75.3453 101.5667 95.7891 0 0 0
1190 1 74.7849 100.5591 95.8362 0 0 0
1191 1 74.1724 99.7906 96.4225 0 0 0
1192 1 74.0270 98.8548 97.0676 0 0 0
1193 1 73.3346 98.0804 97.3276 0 0 0
1194 1 72.2971 97.6673 97.5695 0 0 0
1195 1 71.8440 96.6347 97.5485 0 0 0
1196 1 71.2045 95.7676 97.8322 0 0 0
1197 1 70.5333 94.4599 97.4913 0 0 0
1198 1 69.4060 94.4704 97.1324 0 0 0
1199 1 68.2191 94.9361 97.1678 0 0 0
1200 1 67.2613 95.8381 97.4599 0 0 0
1201 1 65.3283 96.2506 97.7277 0 0 0
1202 1 64.3204 97.0128 97.8654 0 0 0
1203 1 63.5906 97.8546 97.5462 0 0 0
1204 1 62.9179 98.3136 96.4946 0 0 0
1205 1 62.6592 98.8141 95.4821 0 0 0
1206 1 62.8642 98.9802 94.4289 0 0 0
1207 1 63.0738 99.2639 93.3821 0 0 0
1208 1 63.3946 99.2135 92.4234 0 0 0
1209 1 63.1375 99.4939 91.2825 0 0 0
1210 1 63.3451 100.1796 90.5123 0 0 0
1211 1 63.3865 101.7237 90.0228 0 0 0
1212 1 64.2271 102.8579 88.7485 0 0 0
1213 1 64.4983 103.7819 87.8201 0 0 0
1214 1 64.3788 104.2947 86.2575 0 0 0
1215 1 63.8208 104.6145 85.4073 0 0 0
1216 1 63.1257 105.3907 84.7570 0 0 0
1217 1 62.2482 106.7005 84.9718 0 0 0
1218 1 61.2888 107.3240 84.6883 0 0 0
1219 1 60.4242 108.3136 84.6501 0 0 0
1220 1 59.4934 109.6081 84.0085 0 0 0
1221 1 59.2474 110.8787 84.1330 0 0 0
1222 1 59.5992 112.1456 84.3145 0 0 0
1223 1 60.6885 113.5548 84.8586 0 0 0
1224 1 61.5626 114.0474 85.2109 0 0 0
1225 1 62.4383 114.6895 85.5431 0 0 0
1226 1 62.9822 115.2162 86.2697 0 0 0
1227 1 63.6786 115.9066 87.2221 0 0 0
1228 1 64.0617 116.5381 88.0871 0 0 0
1229 1 64.8039 116.8518 89.4554 0 0 0
1230 1 65.4226 117.0251 90.2447 0 0 0
1231 1 65.8526 117.7042 91.5093 0 0 0
1232 1 66.5794 118.2622 92.2641 0 0 0
1233 1 66.7747 119.2953 92.7556 0 0 0
1234 1 67.5020 120.1726 93.2638 0 0 0
1235 1 67.2329 121.2218 94.5212 0 0 0
1236 1 67.0665 122.1849 95.2948 0 0 0
1237 1 66.0849 123.1725 95.6245 0 0 0
1238 1 65.3121 123.8370 96.3442 0 0 0
1239 1 64.1306 124.5846 96.9632 0 0 0
1240 1 63.2871 124.6999 97.4663 0 0 0
1241 1 62.8420 125.1807 98.1835 0 0 0
1242 1 62.6413 125.8236 99.1945 0 0 0
1243 1 62.0627 126.2295 100.1978 0 0 0
1244 1 61.5581 125.5773 100.9062 0 0 0
1245 1 61.6652 124.9631 102.0836 0 0 0
1246 1 61.4830 124.1808 103.0051 0 0 0
1247 1 60.9029 124.1640 104.1764 0 0 0
1248 1 60.1915 124.7021 105.5277 0 0 0
1249 1 58.7924 125.9358 106.2849 0 0 0
1250 1 58.0062 126.8546 106.5278 0 0 0
1251 1 56.9563 127.7532 106.6501 0 0 0
1252 1 56.3951 128.7464 107.1887 0 0 0
1253 1 55.7872 129.9131 108.1071 0 0 0
1254 1 55.2708 130.3947 109.1745 0 0 0
1255 1 54.4331 130.7349 110.6019 0 0 0
1256 1 53.6507 130.8522 111.3050 0 0 0
1257 1 52.7249 131.5378 111.5875 0 0 0
1258 1 51.3158 131.2532 112.4604 0 0 0
1259 1 50.2685 131.3768 112.2867 0 0 0
1260 1 49.0799 130.4965 111.9007 0 0 0
1261 1 48.0517 130.1065 111.3078 0 0 0
1262 1 47.8041 128.9766 109.7474 0 0 0
1263 1 47.5581 128.0966 108.7987 0 0 0
1264 1 48.0387 127.2889 108.2494 0 0 0
1265 1 48.4395 126.4563 107.7713 0 0 0
1266 1 48.7937 125.4933 106.9283 0 0 0
1267 1 48.5642 124.9775 105.8388 0 0 0
1268 1 48.7144 124.0972 104.5587 0 0 0
1269 1 48.0879 123.5703 102.9903 0 0 0
1270 1 47.7710 122.8292 101.3989 0 0 0
1271 1 48.0224 122.5498 100.2737 0 0 0
1272 1 48.2019 122.6214 99.2585 0 0 0
1273 1 48.7793 122.6321 98.3668 0 0 0
1274 1 48.9401 122.0880 97.3399 0 0 0
1275 1 48.9801 121.2369 96.1911 0 0 0
1276 1 48.9646 120.4904 95.2782 0 0 0
1277 1 49.2025 119.5496 94.5763 0 0 0
1278 1 49.3946 118.5156 94.0821 0 0 0
1279 1 49.6528 117.5375 93.5213 0 0 0
1280 1 49.3434 116.1622 92.7259 0 0 0
1281 1 49.5572 115.1166 92.5200 0 0 0
1282 1 50.3753 113.8698 92.5923 0 0 0
1283 1 50.9253 112.8263 92.8218 0 0 0
1284 1 51.4654 111.9213 93.1681 0 0 0
1285 1 52.4128 111.2802 93.5270 0 0 0
1286 1 53.3605 110.4779 93.9030 0 0 0
1287 1 54.1810 109.5970 94.1297 0 0 0
1288 1 54.5749 108.7574 94.6400 0 0 0
1289 1 54.8077 107.8629 95.1988 0 0 0
1290 1 55.0444 106.7122 95.8835 0 0 0
1291 1 56.1803 106.0052 96.9947 0 0 0
1292 1 57.3437 105.3152 97.7851 0 0 0
1293 1 58.6445 105.1042 97.8418 0 0 0
1294 1 60.4773 105.0012 97.8274 0 0 0
1295 1 62.0158 104.8768 98.2159 0 0 0
1296 1 63.1472 104.0277 98.3833 0 0 0
1297 1 64.0625 103.2672 98.8514 0 0 0
1298 1 65.0526 102.2703 99.4112 0 0 0
1299 1 66.0484 101.7730 99.4178 0 0 0
1300 1 67.6024 100.9134 99.6262 0 0 0
1301 1 69.1371 100.0277 99.6894 0 0 0
1302 1 70.2986 99.3882 99.3771 0 0 0
1303 1 71.1868 98.5670 99.2740 0 0 0
1304 1 72.2434 98.1696 99.0780 0 0 0
1305 1 72.8673 97.1395 98.6489 0 0 0
1306 1 72.9173 96.2860 97.9296 0 0 0
1307 1 73.3370 95.0206 97.6233 0 0 0
1308 1 73.9352 94.1184 97.7324 0 0 0
1309 1 75.0270 93.6263 97.7613 0 0 0
1310 1 76.3269 92.7883 97.5456 0 0 0
1311 1 77.4001 91.8139 97.9445 0 0 0
1312 1 78.1461 91.4771 99.2600 0 0 0
1313 1 78.4994 91.2856 100.2967 0 0 0
1314 1 78.2810 91.1505 101.3081 0 0 0
1315 1 78.4520 91.3792 102.7155 0 0 0
1316 1 79.1398 92.2756 104.4966 0 0 0
1317 1 79.7446 92.3220 106.6551 0 0 0
1318 1 80.0583 92.3808 107.7674 0 0 0
1319 1 80.8925 92.2328 108.9910 0 0 0
1320 1 81.6075 92.5068 109.7173 0 0 0
1321 1 82.0961 92.9143 110.6744 0 0 0
1322 1 82.0519 93.1298 111.7246 0 0 0
1323 1 81.9886 93.0828 112.6903 0 0 0
1324 1 81.3736 93.6467 114.0357 0 0 0
1325 1 80.5736 93.8792 114.8187 0 0 0
1326 1 79.6774 94.2391 115.9797 0 0 0
1327 1 79.2173 94.7215 117.0948 0 0 0
1328 1 78.8718 95.2917 117.8531 0 0 0
1329 1 78.6908 96.2246 118.5273 0 0 0
1330 1 77.7747 97.6061 118.8840 0 0 0
1331 1 77.9318 98.4774 119.3146 0 0 0
1332 1 78.0338 99.4996 119.7333 0 0 0
1333 1 78.0910 101.0002 119.6288 0 0 0
1334 1 77.8259 101.9773 118.9951 0 0 0
1335 1 77.5415 103.0413 118.4610 0 0 0
1336 1 77.6693 104.0474 117.6263 0 0 0
1337 1 76.9154 104.5773 116.8730 0 0 0
1338 1 75.9686 105.0451 116.4898 0 0 0
1339 1 75.0363 105.6109 116.8482 0 0 0
1340 1 74.0082 106.1838 117.6266 0 0 0
1341 1 73.0950 106.5740 118.6524 0 0 0
1342 1 71.9660 106.2028 119.3994 0 0 0
1343 1 70.6751 105.6416 119.7177 0 0 0
1344 1 69.6165 104.9763 120.1787 0 0 0
1345 1 68.6497 104.7527 119.8651 0 0 0
1346 1 67.3497 104.3340 120.1430 0 0 0
1347 1 66.3095 103.8769 120.4580 0 0 0
1348 1 65.4844 103.3198 120.5970 0 0 0
1349 1 64.4782 102.4824 121.1724 0 0 0
1350 1 63.7580 102.1921 121.7826 0 0 0
1351 1 63.1626 102.2792 122.7034 0 0 0
1352 1 62.5827 102.1636 123.6057 0 0 0
1353 1 61.6790 102.2135 124.5245 0 0 0
1354 1 61.3311 102.4747 125.6152 0 0 0
1355 1 61.1255 103.0344 126.5014 0 0 0
1356 1 61.6525 104.2409 127.7512 0 0 0
1357 1 61.9843 105.0476 128.5355 0 0 0
1358 1 62.9290 105.8996 128.6093 0 0 0
1359 1 63.5053 106.8544 128.7520 0 0 0
1360 1 64.3199 107.8023 128.7816 0 0 0
1361 1 64.9149 108.9141 128.7122 0 0 0
1362 1 65.9271 109.6307 129.2423 0 0 0
1363 1 66.4453 110.7150 129.5629 0 0 0
1364 1 67.1923 111.4710 129.7308 0 0 0
1365 1 68.1132 112.3958 130.1326 0 0 0
1366 1 69.3231 113.2763 130.1054 0 0 0
1367 1 70.0998 114.3069 129.3070 0 0 0
1368 1 71.2275 114.4359 128.6819 0 0 0
1369 1 72.4254 115.0591 127.5349 0 0 0
1370 1 73.0688 115.8751 126.8077 0 0 0
1371 1 73.6303 116.7980 126.0532 0 0 0
1372 1 74.7692 117.7460 125.6828 0 0 0
1373 1 75.1929 118.1623 124.7142 0 0 0
1374 1 75.3446 118.9172 123.7125 0 0 0
1375 1 75.6832 119.7062 122.6086 0 0 0
1376 1 76.1582 119.4122 120.8592 0 0 0
1377 1 76.4656 118.1231 119.9429 0 0 0
1378 1 76.3490 117.2151 119.1542 0 0 0
1379 1 76.3964 116.1436 118.3877 0 0 0
1380 1 76.2960 115.3990 117.6953 0 0 0
1381 1 76.7632 114.0658 117.2320 0 0 0
1382 1 76.6443 112.6382 116.9925 0 0 0
1383 1 76.3947 111.1483 116.8832 0 0 0
1384 1 76.3838 109.7687 117.3872 0 0 0
1385 1 76.9516 108.8537 117.6924 0 0 0
1386 1 77.3688 107.4987 118.0876 0 0 0
1387 1 76.8432 106.6646 118.5015 0 0 0
1388 1 76.2054 105.7735 118.6791 0 0 0
1389 1 75.2139 104.5852 118.5455 0 0 0
1390 1 74.5631 103.7169 118.9882 0 0 0
1391 1 73.8409 102.5651 119.8557 0 0 0
1392 1 73.6404 101.5445 120.8026 0 0 0
1393 1 73.0065 100.8251 121.6537 0 0 0
1394 1 72.5327 100.0653 122.4091 0 0 0
1395 1 71.6096 99.0974 122.9106 0 0 0
1396 1 71.2702 97.8509 123.3021 0 0 0
1397 1 71.8663 96.4797 123.1463 0 0 0
1398 1 72.2069 95.3628 123.1907 0 0 0
1399 1 71.8892 93.9820 122.7295 0 0 0
1400 1 71.1203 92.8898 122.7696 0 0 0
1401 1 70.3968 91.7453 123.0564 0 0 0
1402 1 69.8586 90.8479 123.4738 0 0 0
1403 1 68.9115 90.3138 123.1574 0 0 0
1404 1 68.2309 89.6757 122.5327 0 0 0
1405 1 67.7859 88.4994 121.6100 0 0 0
1406 1 67.2132 87.6475 121.1646 0 0 0
1407 1 66.5929 86.6267 120.8782 0 0 0
1408 1 66.1058 86.0733 120.2500 0 0 0
1409 1 65.7293 85.1225 119.1441 0 0 0
1410 1 65.4909 84.3635 118.3674 0 0 0
1411 1 64.9406 83.5531 117.6213 0 0 0
1412 1 64.6035 82.4299 117.2583 0 0 0
1413 1 64.3615 81.4667 117.0645 0 0 0
1414 1 64.4082 80.4982 116.7524 0 0 0
1415 1 63.9234 79.4599 116.8038 0 0 0
1416 1 63.0930 78.6322 116.8695 0 0 0
1417 1 62.0979 77.6531 116.9054 0 0 0
1418 1 61.4294 76.6063 116.9361 0 0 0
1419 1 60.8736 74.9046 116.5033 0 0 0
1420 1 60.4946 73.4625 116.0986 0 0 0
1421 1 59.4029 72.7693 115.9280 0 0 0
1422 1 58.0614 71.9308 115.8236 0 0 0
1423 1 56.6005 71.8365 115.1054 0 0 0
1424 1 55.6468 72.0742 114.9250 0 0 0
1425 1 54.6051 72.6953 114.7064 0 0 0
1426 1 53.5423 73.2349 113.7306 0 0 0
1427 1 53.7337 73.5918 112.3190 0 0 0
1428 1 54.0496 73.9836 110.7681 0 0 0
1429 1 54.6174 74.5953 109.9375 0 0 0
1430 1 55.5938 75.0781 109.3826 0 0 0
1431 1 56.8925 75.9968 108.3400 0 0 0
1432 1 57.3337 76.9533 107.3134 0 0 0
1433 1 58.3124 76.8807 106.0435 0 0 0
1434 1 58.8988 77.5176 105.5096 0 0 0
1435 1 59.3624 78.2553 104.4168 0 0 0
1436 1 58.6547 78.5531 103.1570 0 0 0
1437 1 58.2482 79.0635 102.3132 0 0 0
1438 1 57.0613 79.5863 102.2986 0 0 0
1439 1 56.4652 80.4959 102.5153 0 0 0
1440 1 56.1952 82.1477 102.6480 0 0 0
1441 1 55.5627 83.0250 103.0034 0 0 0
1442 1 55.0394 84.0052 103.9265 0 0 0
1443 1 54.2884 84.5766 104.7121 0 0 0
1444 1 53.2570 85.2389 105.3873 0 0 0
1445 1 52.7785 86.3164 106.0278 0 0 0
1446 1 52.4353 87.4163 106.8641 0 0 0
1447 1 52.0404 88.7050 107.7421 0 0 0
1448 1 52.1119 89.5752 108.9901 0 0 0
1449 1 52.4208 89.8776 110.0694 0 0 0
1450 1 53.0707 89.4775 111.5326 0 0 0
1451 1 53.4319 89.0209 112.5913 0 0 0
1452 1 54.1720 87.9384 113.3606 0 0 0
1453 1 54.6555 86.9926 113.2122 0 0 0
1454 1 55.0853 85.1716 112.9626 0 0 0
1455 1 55.6360 84.3780 113.3723 0 0 0
1456 1 56.7928 83.3739 113.7729 0 0 0
1457 1 57.6382 83.0049 114.3373 0 0 0
1458 1 58.7997 82.9700 114.9038 0 0 0
1459 1 60.2060 82.9238 115.4983 0 0 0
1460 1 61.0592 82.9940 116.6735 0 0 0
1461 1 62.1097 83.0870 117.2731 0 0 0
1462 1 63.0459 83.4519 117.4135 0 0 0
1463 1 64.0091 84.1329 117.6311 0 0 0
1464 1 64.6196 85.0153 118.2377 0 0 0
1465 1 64.1875 86.2639 118.4479 0 0 0
1466 1 64.0124 87.7134 118.9503 0 0 0
1467 1 64.0379 88.6217 119.7279 0 0 0
1468 1 63.9320 89.6594 119.6876 0 0 0
1469 1 64.0960 91.0669 119.9657 0 0 0
1470 1 63.9798 92.6601 119.8613 0 0 0
1471 1 63.1698 93.3607 120.2960 0 0 0
1472 1 62.2404 93.8069 119.6618 0 0 0
1473 1 61.3866 94.3164 119.0788 0 0 0
1474 1 60.4746 94.9787 118.0800 0 0 0
1475 1 59.6453 95.2104 117.1971 0 0 0
1476 1 58.8654 95.1409 115.9783 0 0 0
1477 1 57.8548 95.3407 115.2002 0 0 0
1478 1 57.2356 94.9488 114.4478 0 0 0
1479 1 56.6503 94.5570 113.6818 0 0 0
1480 1 56.0181 94.2166 112.8703 0 0 0
1481 1 55.6050 93.4632 112.3101 0 0 0
1482 1 54.4134 92.6820 112.4378 0 0 0
1483 1 53.4790 91.9733 112.5745 0 0 0
1484 1 52.5201 91.2458 112.8081 0 0 0
1485 1 51.2938 90.6870 113.0511 0 0 0
1486 1 50.4384 89.6298 112.8167 0 0 0
1487 1 50.2031 88.4927 112.5988 0 0 0
1488 1 49.8343 86.9094 111.8037 0 0 0
1489 1 49.9330 85.6948 111.9259 0 0 0
1490 1 49.9511 84.6237 112.3277 0 0 0
1491 1 49.3547 83.6828 112.6968 0 0 0
1492 1 48.7183 82.6913 112.7635 0 0 0
1493 1 48.2493 81.9674 113.4414 0 0 0
1494 1 48.6061 80.5301 113.8085 0 0 0
1495 1 48.5761 79.6086 114.1240 0 0 0
1496 1 48.1036 78.3067 113.4746 0 0 0
1497 1 47.6390 77.1269 113.1898 0 0 0
1498 1 47.3011 75.8716 112.9744 0 0 0
1499 1 47.2894 74.5799 113.5256 0 0 0
1500 1 47.2837 73.4031 114.3153 0 0 0
