1 1 78.6172 69.2749 86.8379 0 0 0
2 1 79.0412 69.7661 87.8648 0 0 0
3 1 79.7003 70.3527 88.6714 0 0 0
4 1 80.1551 70.6224 89.5793 0 0 0
5 1 80.8761 70.8862 90.4598 0 0 0
6 1 80.7494 70.4180 91.4282 0 0 0
7 1 80.1910 69.5447 91.4364 0 0 0
8 1 79.4522 68.6371 90.7815 0 0 0
9 1 78.7790 68.0483 90.1391 0 0 0
10 1 77.9387 68.2617 89.5017 0 0 0
11 1 77.2527 68.9170 88.3888 0 0 0
12 1 77.6633 69.9872 88.3245 0 0 0
13 1 78.3081 70.8143 88.3623 0 0 0
14 1 78.7784 71.5963 89.0207 0 0 0
15 1 79.1527 71.2773 90.0161 0 0 0
16 1 79.7239 70.4705 90.5421 0 0 0
17 1 79.0077 69.7222 90.5192 0 0 0
18 1 78.1060 69.3457 90.4028 0 0 0
19 1 77.0292 69.3649 90.2041 0 0 0
20 1 76.5209 69.4818 89.1857 0 0 0
21 1 76.1540 70.1124 88.3292 0 0 0
22 1 77.2278 71.0170 88.5248 0 0 0
23 1 77.6406 70.7531 89.8957 0 0 0
24 1 78.0516 70.4654 90.7349 0 0 0
25 1 78.2864 69.8363 91.4664 0 0 0
26 1 78.1009 68.7840 91.5995 0 0 0
27 1 77.5695 68.0256 90.7995 0 0 0
28 1 76.4197 68.2819 90.8358 0 0 0
29 1 75.6465 68.8678 90.5328 0 0 0
30 1 74.9143 69.5911 89.7758 0 0 0
31 1 75.5092 70.6542 89.2547 0 0 0
32 1 76.5026 70.6510 89.6964 0 0 0
33 1 76.7528 70.1758 90.7430 0 0 0
34 1 76.9176 69.0567 91.7327 0 0 0
35 1 76.6706 68.0508 92.0409 0 0 0
36 1 75.9296 67.3454 91.5093 0 0 0
37 1 74.9907 66.8741 91.0737 0 0 0
38 1 74.4820 68.0272 90.9735 0 0 0
39 1 74.5236 69.0129 90.7588 0 0 0
40 1 75.0692 69.9820 91.0788 0 0 0
41 1 75.9121 70.2802 91.6596 0 0 0
42 1 76.8202 70.1129 92.2484 0 0 0
43 1 77.7558 69.8270 92.7198 0 0 0
44 1 78.3606 69.2697 93.2513 0 0 0
45 1 78.4227 68.2232 93.1627 0 0 0
46 1 77.9429 67.2604 92.7359 0 0 0
47 1 76.9488 66.5263 92.4008 0 0 0
48 1 75.9284 66.1492 92.2624 0 0 0
49 1 74.8548 66.7730 92.3633 0 0 0
50 1 74.2715 67.6607 92.4087 0 0 0
51 1 74.2044 68.9110 92.4014 0 0 0
52 1 74.5395 69.9688 92.3807 0 0 0
53 1 75.8480 69.8951 92.8121 0 0 0
54 1 76.6728 69.3250 93.0225 0 0 0
55 1 77.2875 68.4002 93.3283 0 0 0
56 1 77.1126 67.3734 93.5507 0 0 0
57 1 76.1794 66.9357 93.8267 0 0 0
58 1 74.9956 67.0036 94.0823 0 0 0
59 1 74.6154 67.9653 93.9607 0 0 0
60 1 75.6426 69.2976 93.5821 0 0 0
61 1 76.5519 70.1102 93.7613 0 0 0
62 1 77.6297 70.0283 94.2303 0 0 0
63 1 78.4560 69.0658 94.5468 0 0 0
64 1 78.2443 68.0098 95.0728 0 0 0
65 1 77.7346 67.0222 94.9429 0 0 0
66 1 76.8318 66.2006 94.6372 0 0 0
67 1 75.7493 65.9597 94.6632 0 0 0
68 1 75.1631 66.4726 95.2423 0 0 0
69 1 75.2373 67.3788 95.7361 0 0 0
70 1 75.9535 67.9779 96.2596 0 0 0
71 1 76.5006 69.5822 96.5815 0 0 0
72 1 76.9074 70.2943 95.8469 0 0 0
73 1 77.2780 69.6666 95.0531 0 0 0
74 1 77.2884 68.6751 94.5248 0 0 0
75 1 76.2108 67.7523 94.7372 0 0 0
76 1 75.4677 68.3287 95.1587 0 0 0
77 1 74.7439 69.0468 95.9304 0 0 0
78 1 74.5504 69.7898 96.7863 0 0 0
79 1 75.4265 69.8220 97.5596 0 0 0
80 1 76.2833 69.4044 98.0838 0 0 0
81 1 77.3813 68.5943 97.9904 0 0 0
82 1 77.9310 67.9310 97.3975 0 0 0
83 1 78.0833 67.5906 96.5253 0 0 0
84 1 77.3170 68.2182 96.0829 0 0 0
85 1 76.6715 68.6879 95.4319 0 0 0
86 1 75.9704 69.3634 95.1191 0 0 0
87 1 75.5723 70.1526 95.7296 0 0 0
88 1 76.1234 70.5330 96.6402 0 0 0
89 1 76.9555 70.1974 97.5471 0 0 0
90 1 77.5020 70.2660 98.3130 0 0 0
91 1 78.4176 69.4817 98.3313 0 0 0
92 1 78.9996 68.7022 98.1245 0 0 0
93 1 78.9360 68.0728 97.2770 0 0 0
94 1 78.6464 68.7273 96.2864 0 0 0
95 1 78.3384 69.6532 95.9594 0 0 0
96 1 77.8870 70.5370 96.2076 0 0 0
97 1 77.3448 71.1716 96.8347 0 0 0
98 1 77.3053 71.4058 97.8632 0 0 0
99 1 78.2481 70.8964 97.9661 0 0 0
100 1 79.0436 70.2144 97.8032 0 0 0
101 1 79.9138 70.4013 97.1785 0 0 0
102 1 80.4753 70.1366 96.1205 0 0 0
103 1 80.6755 69.8910 95.1015 0 0 0
104 1 79.6909 69.9964 94.3749 0 0 0
105 1 78.6641 70.6610 94.6099 0 0 0
106 1 78.3947 71.5187 95.2245 0 0 0
107 1 78.1706 71.9988 96.3667 0 0 0
108 1 78.9073 72.0259 97.1521 0 0 0
109 1 79.7657 71.6195 97.7574 0 0 0
110 1 81.0806 71.0457 97.9801 0 0 0
111 1 81.9005 71.2958 97.0984 0 0 0
112 1 81.8814 71.4269 96.0504 0 0 0
113 1 80.7323 71.4304 95.1478 0 0 0
114 1 79.5924 70.9198 95.2240 0 0 0
115 1 79.1663 70.8836 96.1230 0 0 0
116 1 79.8236 71.3776 96.7306 0 0 0
117 1 80.3934 72.2299 96.2366 0 0 0
118 1 81.1120 72.7160 95.7743 0 0 0
119 1 82.3011 71.8950 94.9121 0 0 0
120 1 82.1332 71.0608 94.0525 0 0 0
121 1 80.9934 70.9230 93.7458 0 0 0
122 1 80.0311 71.5955 94.2417 0 0 0
123 1 79.3415 72.5531 94.7815 0 0 0
124 1 79.6443 73.3345 95.6664 0 0 0
125 1 80.6523 73.8269 96.2422 0 0 0
126 1 81.4950 74.1811 95.6397 0 0 0
127 1 81.5333 73.5582 94.7440 0 0 0
128 1 81.0485 72.9709 93.9940 0 0 0
129 1 80.6510 71.9900 93.2570 0 0 0
130 1 80.2066 70.8675 92.6087 0 0 0
131 1 79.3530 70.5504 92.9530 0 0 0
132 1 78.5465 70.6227 93.5383 0 0 0
133 1 78.3858 71.7820 93.8378 0 0 0
134 1 79.0297 72.5051 93.5330 0 0 0
135 1 79.8976 73.0883 93.1732 0 0 0
136 1 80.8509 73.7606 93.2547 0 0 0
137 1 81.8844 74.0703 93.1001 0 0 0
138 1 81.6708 73.3096 92.2832 0 0 0
139 1 80.4806 72.4915 92.0061 0 0 0
140 1 79.9889 71.6431 91.8543 0 0 0
141 1 79.2251 70.7784 91.8972 0 0 0
142 1 78.0890 70.7809 92.4425 0 0 0
143 1 77.5127 71.4741 93.3008 0 0 0
144 1 77.6987 72.4899 93.7077 0 0 0
145 1 78.4447 73.4244 93.3126 0 0 0
146 1 79.1880 74.1909 93.0526 0 0 0
147 1 79.8546 74.6433 92.4686 0 0 0
148 1 80.5957 74.7050 91.4600 0 0 0
149 1 80.8741 73.9711 90.5769 0 0 0
150 1 80.3670 72.9646 90.1916 0 0 0
151 1 80.1289 72.0937 90.7317 0 0 0
152 1 79.3709 71.3337 91.1384 0 0 0
153 1 78.9435 71.7285 92.0811 0 0 0
154 1 78.5540 72.5396 92.6207 0 0 0
155 1 78.5618 73.8066 91.7904 0 0 0
156 1 78.8975 74.3597 90.7591 0 0 0
157 1 79.0876 73.3669 90.2937 0 0 0
158 1 78.9669 72.3999 90.1553 0 0 0
159 1 78.4210 71.5192 90.8598 0 0 0
160 1 77.7549 71.1410 91.5829 0 0 0
161 1 77.4789 71.7829 92.3029 0 0 0
162 1 77.4998 72.8069 92.6350 0 0 0
163 1 77.5161 73.7494 91.9129 0 0 0
164 1 77.9392 74.2311 90.9132 0 0 0
165 1 78.1693 74.4491 89.8955 0 0 0
166 1 78.0357 73.8511 89.0739 0 0 0
167 1 77.6508 72.7497 88.8459 0 0 0
168 1 77.3963 71.9248 89.4275 0 0 0
169 1 77.1076 71.4734 90.4707 0 0 0
170 1 76.8078 72.3998 91.5675 0 0 0
171 1 76.5099 73.2888 92.0937 0 0 0
172 1 76.6654 74.1364 91.1622 0 0 0
173 1 76.3509 74.2585 90.0887 0 0 0
174 1 76.1748 73.5363 89.4511 0 0 0
175 1 75.8286 72.4420 88.8937 0 0 0
176 1 74.9498 71.8566 89.5282 0 0 0
177 1 74.9865 71.3004 90.5646 0 0 0
178 1 75.3694 71.0777 91.5339 0 0 0
179 1 75.6492 72.0659 91.7434 0 0 0
180 1 75.8014 72.9915 91.1242 0 0 0
181 1 75.5818 73.6731 90.3914 0 0 0
182 1 74.9645 74.0353 89.6507 0 0 0
183 1 74.1535 73.3427 89.4748 0 0 0
184 1 73.4207 72.8035 89.9289 0 0 0
185 1 73.2881 71.9830 90.9168 0 0 0
186 1 73.8373 71.0844 91.9810 0 0 0
187 1 74.9693 70.8699 92.6233 0 0 0
188 1 76.0796 70.8482 92.5298 0 0 0
189 1 76.6821 71.1429 91.5004 0 0 0
190 1 76.2065 71.8388 90.7333 0 0 0
191 1 75.6469 72.4680 90.1131 0 0 0
192 1 74.8034 72.9156 90.2208 0 0 0
193 1 74.0887 72.8795 90.9130 0 0 0
194 1 73.8280 72.4798 91.8538 0 0 0
195 1 73.8575 71.9542 92.7061 0 0 0
196 1 73.8134 71.0331 93.1976 0 0 0
197 1 74.5362 70.1143 93.6361 0 0 0
198 1 75.6474 70.6988 93.6236 0 0 0
199 1 76.3533 71.4912 93.3866 0 0 0
200 1 76.4715 72.2105 92.7457 0 0 0
201 1 75.5312 72.8073 92.3991 0 0 0
202 1 74.2920 73.1348 92.5700 0 0 0
203 1 73.3836 73.2455 93.0352 0 0 0
204 1 73.1229 72.3930 93.7665 0 0 0
205 1 73.1667 71.2605 94.4310 0 0 0
206 1 74.0651 70.5912 94.6055 0 0 0
207 1 75.1938 70.2027 94.5761 0 0 0
208 1 76.0812 70.5469 94.8739 0 0 0
209 1 76.7028 71.4012 94.6850 0 0 0
210 1 76.2971 72.3992 94.2277 0 0 0
211 1 75.6543 73.3914 94.3019 0 0 0
212 1 74.6123 73.3751 94.1925 0 0 0
213 1 73.5774 73.2021 94.5055 0 0 0
214 1 72.9649 72.5189 95.2866 0 0 0
215 1 72.7368 71.7831 96.0108 0 0 0
216 1 73.8175 70.9622 96.7287 0 0 0
217 1 74.8470 70.9805 96.3206 0 0 0
218 1 75.2692 71.3799 95.4302 0 0 0
219 1 75.4685 71.5104 94.5071 0 0 0
220 1 75.5174 72.1550 93.3501 0 0 0
221 1 74.5942 71.8198 93.7808 0 0 0
222 1 74.0387 71.8569 94.9309 0 0 0
223 1 74.0097 71.9117 96.0799 0 0 0
224 1 74.7695 71.7605 97.0217 0 0 0
225 1 75.7616 72.3877 97.3511 0 0 0
226 1 76.4400 73.1630 97.0811 0 0 0
227 1 76.7905 73.8325 96.4430 0 0 0
228 1 76.1845 74.3522 95.6608 0 0 0
229 1 75.3900 73.9486 95.1711 0 0 0
230 1 74.3961 73.4914 95.4861 0 0 0
231 1 73.8456 73.0020 96.4239 0 0 0
232 1 74.0300 72.5871 97.5375 0 0 0
233 1 74.6132 71.9798 98.0714 0 0 0
234 1 75.6628 71.3457 98.0952 0 0 0
235 1 76.1839 71.3305 97.1577 0 0 0
236 1 76.6758 71.4716 96.0684 0 0 0
237 1 76.1069 72.0534 95.3561 0 0 0
238 1 75.0870 72.3718 95.5847 0 0 0
239 1 74.8818 72.8529 96.6440 0 0 0
240 1 75.0475 73.0490 97.7978 0 0 0
241 1 75.7669 72.9283 98.5545 0 0 0
242 1 76.7416 72.7482 98.8356 0 0 0
243 1 77.4082 72.6003 97.7449 0 0 0
244 1 77.3732 72.3876 96.7684 0 0 0
245 1 76.9282 72.7741 95.7277 0 0 0
246 1 75.9292 73.1537 95.6154 0 0 0
247 1 75.6219 73.8625 96.4458 0 0 0
248 1 75.3589 74.2897 97.5104 0 0 0
249 1 75.1943 74.3157 98.5350 0 0 0
250 1 75.8136 74.5173 99.3691 0 0 0
251 1 77.1212 73.8173 99.0771 0 0 0
252 1 78.0624 73.1784 98.6286 0 0 0
253 1 78.4591 72.8368 97.5749 0 0 0
254 1 78.5008 73.9801 96.9472 0 0 0
255 1 78.1457 74.8832 96.3948 0 0 0
256 1 77.2709 75.3971 95.8990 0 0 0
257 1 76.3145 75.5451 96.0866 0 0 0
258 1 75.9954 75.3386 97.0660 0 0 0
259 1 76.8547 74.5059 98.1150 0 0 0
260 1 77.8583 74.2216 98.4633 0 0 0
261 1 78.9107 74.4539 98.6067 0 0 0
262 1 79.7195 74.7085 97.8173 0 0 0
263 1 79.8197 74.6721 96.6014 0 0 0
264 1 79.3756 74.3322 95.6619 0 0 0
265 1 78.5305 73.7713 95.5586 0 0 0
266 1 77.4164 73.8706 95.7041 0 0 0
267 1 76.8303 74.6280 96.9901 0 0 0
268 1 77.6718 75.3165 97.9815 0 0 0
269 1 78.5235 75.8129 97.7592 0 0 0
270 1 79.6139 75.8446 97.5552 0 0 0
271 1 80.7065 75.5022 97.2255 0 0 0
272 1 81.0964 75.3617 96.0353 0 0 0
273 1 80.7972 75.0656 94.9773 0 0 0
274 1 80.2183 74.3739 94.3534 0 0 0
275 1 79.2832 73.8036 94.0196 0 0 0
276 1 78.0218 74.0059 94.4731 0 0 0
277 1 77.5658 74.8223 94.9888 0 0 0
278 1 77.9383 75.7588 94.9177 0 0 0
279 1 78.8352 76.2490 94.7065 0 0 0
280 1 79.8966 76.5538 94.4240 0 0 0
281 1 80.9925 77.3255 94.4758 0 0 0
282 1 81.1027 77.5617 95.7718 0 0 0
283 1 80.2660 76.8717 96.2524 0 0 0
284 1 79.1057 75.6072 95.6748 0 0 0
285 1 78.9819 75.1633 94.6028 0 0 0
286 1 79.3093 75.2564 93.5307 0 0 0
287 1 79.6288 76.0287 92.9666 0 0 0
288 1 79.5320 76.9965 92.8336 0 0 0
289 1 78.8569 77.7319 93.5285 0 0 0
290 1 78.4293 77.6328 94.6732 0 0 0
291 1 77.8073 76.9045 95.2067 0 0 0
292 1 76.9432 76.4336 95.3193 0 0 0
293 1 76.8934 75.3301 94.4867 0 0 0
294 1 77.7080 74.9191 93.7804 0 0 0
295 1 78.2551 74.7217 92.9157 0 0 0
296 1 78.7819 74.9959 91.9998 0 0 0
297 1 79.4107 75.6965 90.9808 0 0 0
298 1 79.6020 76.7001 91.1420 0 0 0
299 1 78.9994 77.2581 91.7904 0 0 0
300 1 78.3731 77.4602 92.6494 0 0 0
301 1 77.6048 77.2620 93.3723 0 0 0
302 1 76.6208 76.6971 93.2773 0 0 0
303 1 76.3720 75.9053 92.4874 0 0 0
304 1 76.6123 75.2033 91.8013 0 0 0
305 1 77.1220 75.0587 90.7433 0 0 0
306 1 78.2326 75.7835 90.3312 0 0 0
307 1 78.4574 76.3585 91.6909 0 0 0
308 1 78.1036 76.5151 92.9216 0 0 0
309 1 77.3763 75.9510 93.5154 0 0 0
310 1 76.5155 75.3327 93.4799 0 0 0
311 1 75.8571 74.6283 92.8554 0 0 0
312 1 75.4051 74.6018 91.8294 0 0 0
313 1 75.2704 74.9167 90.9233 0 0 0
314 1 74.9545 75.4380 90.0565 0 0 0
315 1 75.4658 76.2695 89.4405 0 0 0
316 1 76.4391 76.3794 89.9375 0 0 0
317 1 76.7870 76.5556 91.0441 0 0 0
318 1 77.1991 76.1651 91.9243 0 0 0
319 1 77.1514 75.2511 92.7116 0 0 0
320 1 76.6593 74.0993 93.3279 0 0 0
321 1 75.2905 73.7292 92.9277 0 0 0
322 1 74.3109 73.8591 91.8434 0 0 0
323 1 74.0603 74.1108 90.8773 0 0 0
324 1 73.6555 74.9689 90.2322 0 0 0
325 1 73.8844 76.0120 89.6874 0 0 0
326 1 74.8344 76.5201 90.6041 0 0 0
327 1 75.4651 76.1976 91.4120 0 0 0
328 1 75.1100 75.6871 92.2682 0 0 0
329 1 74.2950 74.7162 92.5335 0 0 0
330 1 73.3262 74.5209 91.8981 0 0 0
331 1 72.3257 74.5663 90.8062 0 0 0
332 1 72.5376 75.4459 90.5363 0 0 0
333 1 73.3588 76.6354 90.5343 0 0 0
334 1 74.2933 76.9232 91.4559 0 0 0
335 1 74.8834 76.9376 92.3505 0 0 0
336 1 75.4346 76.4649 93.0767 0 0 0
337 1 75.2345 75.3572 93.4885 0 0 0
338 1 74.6656 74.3718 93.5165 0 0 0
339 1 73.5126 74.1934 93.2922 0 0 0
340 1 72.5612 73.9492 92.8514 0 0 0
341 1 71.6712 74.0692 92.3225 0 0 0
342 1 72.1264 75.1411 91.5764 0 0 0
343 1 73.0960 75.6716 91.6955 0 0 0
344 1 74.0180 76.0925 91.9715 0 0 0
345 1 74.2882 76.0625 92.9898 0 0 0
346 1 74.0703 75.4858 93.9618 0 0 0
347 1 73.2348 74.5901 94.3015 0 0 0
348 1 72.0927 74.2520 94.1586 0 0 0
349 1 71.0816 74.3836 93.2102 0 0 0
350 1 71.4909 75.3801 92.7089 0 0 0
351 1 72.1965 76.1022 92.4075 0 0 0
352 1 73.1081 76.5706 92.8046 0 0 0
353 1 73.9193 77.3083 93.5967 0 0 0
354 1 74.8873 77.1068 94.0688 0 0 0
355 1 75.7271 75.9493 94.4624 0 0 0
356 1 75.3118 75.0557 94.7624 0 0 0
357 1 74.0952 74.3273 95.0165 0 0 0
358 1 72.8504 73.8880 95.3705 0 0 0
359 1 71.7450 74.1503 95.1504 0 0 0
360 1 71.6908 75.1233 94.8657 0 0 0
361 1 72.4060 75.8823 94.3232 0 0 0
362 1 73.4215 76.3687 94.1786 0 0 0
363 1 74.1955 76.7776 94.7692 0 0 0
364 1 74.2873 76.6795 95.8605 0 0 0
365 1 73.9866 76.3134 96.7031 0 0 0
366 1 73.2169 75.2762 96.7435 0 0 0
367 1 72.3811 74.6896 96.5553 0 0 0
368 1 71.1596 74.6986 96.1893 0 0 0
369 1 71.2181 75.5817 95.7099 0 0 0
370 1 72.0681 76.3809 95.2869 0 0 0
371 1 73.2063 76.2361 95.2687 0 0 0
372 1 73.7120 75.3351 95.5801 0 0 0
373 1 73.6638 74.4219 96.0162 0 0 0
374 1 72.9476 73.7393 96.8230 0 0 0
375 1 72.2101 73.3534 97.5525 0 0 0
376 1 71.7539 74.1041 98.1324 0 0 0
377 1 71.9865 75.0374 97.8027 0 0 0
378 1 72.2887 75.6400 97.0688 0 0 0
379 1 72.5395 76.4906 96.3541 0 0 0
380 1 73.3139 77.4713 95.5837 0 0 0
381 1 74.5570 77.9165 95.3191 0 0 0
382 1 75.4258 77.0412 95.2081 0 0 0
383 1 75.1154 76.0832 95.4865 0 0 0
384 1 74.7847 75.0127 96.2562 0 0 0
385 1 74.1431 74.5565 97.0179 0 0 0
386 1 73.4582 74.2129 97.6846 0 0 0
387 1 72.8361 74.6389 98.2913 0 0 0
388 1 72.7370 75.5671 98.8382 0 0 0
389 1 73.2494 76.5442 98.4301 0 0 0
390 1 74.3673 77.3731 97.2423 0 0 0
391 1 75.0980 77.1632 96.5825 0 0 0
392 1 75.1949 76.0649 96.7860 0 0 0
393 1 74.9440 75.2099 97.3316 0 0 0
394 1 74.2652 75.2098 98.3142 0 0 0
395 1 73.7127 76.0779 99.2756 0 0 0
396 1 74.3524 76.4505 100.0133 0 0 0
397 1 75.3252 76.2934 100.2968 0 0 0
398 1 76.5975 75.9763 99.7521 0 0 0
399 1 76.6532 75.7059 98.7533 0 0 0
400 1 75.7791 75.9294 97.9067 0 0 0
401 1 74.7221 76.5345 97.9926 0 0 0
402 1 74.4425 77.3442 98.5469 0 0 0
403 1 74.6156 77.4220 99.6219 0 0 0
404 1 76.0639 77.9630 100.5392 0 0 0
405 1 77.0599 77.9936 100.0969 0 0 0
406 1 77.9417 77.2676 99.4215 0 0 0
407 1 77.8044 76.9287 98.2031 0 0 0
408 1 76.9908 76.5595 97.5894 0 0 0
409 1 75.9672 76.7854 97.0513 0 0 0
410 1 75.5391 77.4102 97.8053 0 0 0
411 1 75.8709 77.8275 98.7426 0 0 0
412 1 76.6056 78.3857 99.1929 0 0 0
413 1 77.8415 78.5520 99.5631 0 0 0
414 1 78.6563 78.6755 98.1367 0 0 0
415 1 78.5895 77.8214 97.5881 0 0 0
416 1 77.9536 77.2457 96.9035 0 0 0
417 1 77.0232 76.7806 96.4033 0 0 0
418 1 76.1657 77.2890 96.0902 0 0 0
419 1 75.8988 77.9965 96.8130 0 0 0
420 1 76.2692 78.6493 97.6380 0 0 0
421 1 77.0351 79.3270 97.8758 0 0 0
422 1 77.8793 79.8848 97.5518 0 0 0
423 1 78.8859 79.7037 97.2213 0 0 0
424 1 78.9216 78.7347 96.6164 0 0 0
425 1 78.0917 78.1366 96.0364 0 0 0
426 1 77.2967 77.7010 95.6507 0 0 0
427 1 76.3370 77.6706 95.0458 0 0 0
428 1 75.6013 78.3103 95.3187 0 0 0
429 1 75.8695 78.9905 96.0988 0 0 0
430 1 76.7380 78.9181 96.7431 0 0 0
431 1 77.8738 79.0388 96.4375 0 0 0
432 1 78.5295 79.5182 95.9074 0 0 0
433 1 78.7377 79.2517 94.8208 0 0 0
434 1 78.5555 78.5876 93.8496 0 0 0
435 1 77.5721 78.2631 93.4751 0 0 0
436 1 76.7238 77.9302 93.9352 0 0 0
437 1 76.5007 78.6528 94.5423 0 0 0
438 1 77.0189 79.1675 95.6905 0 0 0
439 1 77.5556 80.1230 95.6466 0 0 0
440 1 78.5511 80.4872 94.4422 0 0 0
441 1 78.9218 80.2524 93.5519 0 0 0
442 1 78.7801 79.6208 92.6875 0 0 0
443 1 77.7678 78.2511 92.1952 0 0 0
444 1 76.5803 77.6795 92.7625 0 0 0
445 1 75.8422 77.4321 93.5477 0 0 0
446 1 75.3995 78.0582 94.2368 0 0 0
447 1 75.8414 79.5148 94.8734 0 0 0
448 1 76.8201 79.9149 94.7240 0 0 0
449 1 77.5120 80.2922 93.9788 0 0 0
450 1 77.7742 80.4577 92.8017 0 0 0
451 1 76.9379 80.6149 91.8952 0 0 0
452 1 76.4471 79.8106 91.1576 0 0 0
453 1 75.5302 79.4815 91.4169 0 0 0
454 1 74.9664 78.9012 92.0566 0 0 0
455 1 74.7059 78.8806 93.2955 0 0 0
456 1 75.5459 79.0534 93.9472 0 0 0
457 1 76.7119 79.3958 93.5453 0 0 0
458 1 77.6250 79.3697 92.6657 0 0 0
459 1 77.5902 79.2079 91.6472 0 0 0
460 1 77.2559 78.7509 90.5525 0 0 0
461 1 76.1485 78.6903 90.0305 0 0 0
462 1 75.3920 79.2685 89.5965 0 0 0
463 1 74.8337 79.7912 90.5508 0 0 0
464 1 74.5514 80.2931 91.6131 0 0 0
465 1 74.5877 80.7098 92.4938 0 0 0
466 1 75.1599 80.5921 93.3137 0 0 0
467 1 76.3819 80.2647 92.8642 0 0 0
468 1 76.4322 79.3914 92.2463 0 0 0
469 1 76.1988 78.4676 91.7434 0 0 0
470 1 75.4746 77.6727 91.2731 0 0 0
471 1 74.4866 77.9392 90.9280 0 0 0
472 1 73.8814 78.6803 90.3686 0 0 0
473 1 73.3294 79.6005 90.3648 0 0 0
474 1 73.1510 79.8173 91.5322 0 0 0
475 1 74.1486 79.6591 92.4372 0 0 0
476 1 75.5641 79.7032 92.9902 0 0 0
477 1 75.8615 78.6909 92.9415 0 0 0
478 1 74.9845 78.1119 92.6495 0 0 0
479 1 74.0348 77.9591 91.9481 0 0 0
480 1 73.4203 78.0094 91.1100 0 0 0
481 1 72.8688 78.7777 91.0249 0 0 0
482 1 71.9543 79.3772 91.3005 0 0 0
483 1 72.4109 80.1176 92.2809 0 0 0
484 1 73.3208 80.2832 92.8277 0 0 0
485 1 74.2084 80.4492 93.7587 0 0 0
486 1 74.3009 79.4508 94.0043 0 0 0
487 1 73.7335 78.5744 93.5862 0 0 0
488 1 73.2483 77.7575 92.6304 0 0 0
489 1 72.4111 77.4736 91.8704 0 0 0
490 1 71.5011 78.0200 91.8504 0 0 0
491 1 71.0819 79.0763 92.1262 0 0 0
492 1 71.3284 79.6825 93.3364 0 0 0
493 1 72.4105 79.9790 93.6487 0 0 0
494 1 73.1571 79.7037 94.3868 0 0 0
495 1 73.1947 78.5870 94.6347 0 0 0
496 1 72.9305 77.6443 94.1249 0 0 0
497 1 72.0213 76.7951 93.8260 0 0 0
498 1 71.3164 77.1830 93.1921 0 0 0
499 1 70.5646 78.0377 92.3742 0 0 0
500 1 69.8432 78.7992 92.0678 0 0 0
501 1 69.2392 79.7517 92.7189 0 0 0
502 1 69.6527 80.2032 93.5372 0 0 0
503 1 70.1172 79.8767 94.4728 0 0 0
504 1 70.7112 79.1897 95.2775 0 0 0
505 1 71.2983 78.2714 95.6592 0 0 0
506 1 72.0334 77.7655 94.7680 0 0 0
507 1 71.9987 77.9016 93.5613 0 0 0
508 1 71.1929 78.6075 93.2044 0 0 0
509 1 70.0235 79.1634 93.0339 0 0 0
510 1 69.3665 79.2247 93.9853 0 0 0
511 1 69.0211 78.3842 94.5464 0 0 0
512 1 69.4755 77.2843 94.8564 0 0 0
513 1 70.4480 76.9383 95.0874 0 0 0
514 1 71.2723 77.2132 95.5918 0 0 0
515 1 72.2943 77.5399 95.8830 0 0 0
516 1 72.3677 78.6015 95.4752 0 0 0
517 1 71.7781 79.3303 94.8110 0 0 0
518 1 70.9191 79.1059 94.2137 0 0 0
519 1 70.3430 78.1725 94.9531 0 0 0
520 1 70.0622 77.5311 95.8909 0 0 0
521 1 70.7043 77.0878 96.5829 0 0 0
522 1 71.8696 76.9579 96.9860 0 0 0
523 1 72.8222 77.7760 96.8379 0 0 0
524 1 73.4790 78.5088 96.2754 0 0 0
525 1 73.2831 79.2783 95.6555 0 0 0
526 1 72.4612 79.7386 95.4451 0 0 0
527 1 71.4245 79.4032 96.0888 0 0 0
528 1 71.0171 78.6724 96.7569 0 0 0
529 1 70.1288 78.0258 97.0461 0 0 0
530 1 70.0461 77.2077 97.6686 0 0 0
531 1 71.3611 76.9420 98.2390 0 0 0
532 1 72.2708 77.2686 98.0057 0 0 0
533 1 73.4848 77.6927 97.9372 0 0 0
534 1 73.6226 78.6523 97.3509 0 0 0
535 1 72.9458 79.3507 97.3595 0 0 0
536 1 72.0192 79.9955 97.1215 0 0 0
537 1 70.8337 79.8950 97.3573 0 0 0
538 1 71.0166 78.9589 97.9424 0 0 0
539 1 71.9185 78.2566 98.5584 0 0 0
540 1 72.3926 77.7853 99.2591 0 0 0
541 1 73.3555 78.0540 99.2634 0 0 0
542 1 74.1582 78.7937 98.8355 0 0 0
543 1 74.1678 80.0109 98.6990 0 0 0
544 1 73.8863 80.8212 98.1114 0 0 0
545 1 73.4206 80.8111 97.2637 0 0 0
546 1 73.0767 79.9861 96.5187 0 0 0
547 1 72.4640 78.7168 96.4475 0 0 0
548 1 72.3125 78.5038 97.4489 0 0 0
549 1 72.6433 78.9557 98.5418 0 0 0
550 1 72.8280 80.0236 98.4932 0 0 0
551 1 72.8567 80.9578 98.2289 0 0 0
552 1 72.3024 81.3003 97.4308 0 0 0
553 1 72.7554 81.0275 96.2840 0 0 0
554 1 73.2388 80.3850 95.4651 0 0 0
555 1 74.0903 79.8086 95.0791 0 0 0
556 1 74.7700 78.9529 95.4829 0 0 0
557 1 75.0687 78.2860 96.3943 0 0 0
558 1 75.0349 78.2538 97.9165 0 0 0
559 1 75.0413 79.3559 98.6566 0 0 0
560 1 75.0778 80.2497 99.1503 0 0 0
561 1 74.8176 81.1933 98.9978 0 0 0
562 1 74.1616 81.8237 98.4292 0 0 0
563 1 74.1455 81.9044 97.2724 0 0 0
564 1 74.4630 81.2909 96.3751 0 0 0
565 1 74.5470 80.3713 95.8828 0 0 0
566 1 74.9979 79.5070 96.2867 0 0 0
567 1 74.8987 79.5817 97.3004 0 0 0
568 1 74.8502 80.6277 97.6307 0 0 0
569 1 75.5221 81.8940 98.5711 0 0 0
570 1 76.0731 82.9183 98.5108 0 0 0
571 1 76.4972 83.3378 97.6311 0 0 0
572 1 76.4508 83.2632 96.5739 0 0 0
573 1 76.4857 82.3170 95.7685 0 0 0
574 1 76.6019 81.2100 95.7620 0 0 0
575 1 76.4299 80.2011 95.9907 0 0 0
576 1 76.0894 79.9559 96.9828 0 0 0
577 1 76.1458 80.3478 97.9455 0 0 0
578 1 76.4728 81.4480 98.3041 0 0 0
579 1 77.4272 82.0721 98.2618 0 0 0
580 1 77.6328 82.8673 97.2990 0 0 0
581 1 77.3640 83.0965 95.5495 0 0 0
582 1 76.8382 82.8881 94.5411 0 0 0
583 1 75.7440 81.9320 94.6215 0 0 0
584 1 75.4258 81.1739 95.1944 0 0 0
585 1 75.6286 80.8823 96.3101 0 0 0
586 1 76.2249 81.2262 97.1209 0 0 0
587 1 77.3604 81.5635 97.1381 0 0 0
588 1 78.4675 82.1936 96.7411 0 0 0
589 1 78.9635 82.3736 95.7694 0 0 0
590 1 78.7142 82.3840 94.6781 0 0 0
591 1 77.7576 82.3425 94.1856 0 0 0
592 1 77.1978 81.7845 93.5293 0 0 0
593 1 76.5738 80.9964 93.7296 0 0 0
594 1 75.9670 80.1956 93.9875 0 0 0
595 1 75.0722 80.3089 94.6260 0 0 0
596 1 74.3584 80.9709 95.0683 0 0 0
597 1 74.5992 82.0249 95.4581 0 0 0
598 1 75.2717 82.9666 95.5060 0 0 0
599 1 76.1205 83.6102 95.1490 0 0 0
600 1 77.0353 83.9088 94.8040 0 0 0
601 1 77.5400 83.5063 93.9468 0 0 0
602 1 77.3764 82.6543 92.8023 0 0 0
603 1 77.2516 81.5993 92.0696 0 0 0
604 1 76.1070 81.3884 91.8871 0 0 0
605 1 75.5897 81.7441 92.9469 0 0 0
606 1 75.7637 82.8194 93.7956 0 0 0
607 1 76.3731 83.6057 93.8295 0 0 0
608 1 76.9062 83.7744 92.9721 0 0 0
609 1 77.1202 83.3737 91.9896 0 0 0
610 1 76.4501 82.4985 91.7876 0 0 0
611 1 75.2038 82.1070 91.9837 0 0 0
612 1 74.5723 81.8730 92.8160 0 0 0
613 1 74.3718 82.1728 93.7809 0 0 0
614 1 74.5764 82.9825 94.2944 0 0 0
615 1 75.1696 83.8453 94.1592 0 0 0
616 1 75.7037 84.1339 93.2888 0 0 0
617 1 75.9750 84.2907 92.2928 0 0 0
618 1 75.3314 84.0912 91.3874 0 0 0
619 1 74.5426 83.4450 91.3979 0 0 0
620 1 74.0343 82.4720 91.6605 0 0 0
621 1 73.6340 81.6610 92.0574 0 0 0
622 1 73.3295 81.2921 92.9779 0 0 0
623 1 73.1790 81.1686 94.1065 0 0 0
624 1 73.7110 81.7874 94.8365 0 0 0
625 1 73.7544 82.8432 95.0119 0 0 0
626 1 73.4999 83.3442 94.0157 0 0 0
627 1 73.5044 83.7470 93.0098 0 0 0
628 1 73.2954 83.9931 91.9925 0 0 0
629 1 73.1968 82.9402 91.2083 0 0 0
630 1 72.9736 81.9431 91.0867 0 0 0
631 1 72.3339 80.9863 91.5998 0 0 0
632 1 71.4860 81.0370 92.4038 0 0 0
633 1 71.3376 81.3884 93.4466 0 0 0
634 1 72.0287 81.7124 94.3300 0 0 0
635 1 73.0030 82.3476 94.1061 0 0 0
636 1 73.3649 82.7996 93.1149 0 0 0
637 1 72.7531 83.0821 92.3544 0 0 0
638 1 71.9921 82.8441 91.5390 0 0 0
639 1 70.8706 82.1103 91.7548 0 0 0
640 1 70.2036 81.6411 92.7642 0 0 0
641 1 70.3642 81.2589 93.7996 0 0 0
642 1 71.2147 80.9431 94.3457 0 0 0
643 1 72.0228 80.9214 95.0093 0 0 0
644 1 72.5315 81.8419 95.4830 0 0 0
645 1 72.3460 82.9797 94.9337 0 0 0
646 1 72.0169 83.2804 93.9507 0 0 0
647 1 71.6812 83.2883 92.8943 0 0 0
648 1 70.8445 83.3843 92.1457 0 0 0
649 1 69.9735 82.8333 92.1514 0 0 0
650 1 69.3993 81.9647 92.2636 0 0 0
651 1 69.0436 81.5343 93.1791 0 0 0
652 1 68.6314 81.7010 94.1087 0 0 0
653 1 68.6661 82.8777 94.4016 0 0 0
654 1 69.5828 83.6622 94.1886 0 0 0
655 1 70.6156 83.1628 93.5787 0 0 0
656 1 71.2379 82.5807 94.2557 0 0 0
657 1 70.8410 81.7866 95.0114 0 0 0
658 1 70.1408 80.6967 95.1901 0 0 0
659 1 69.2287 80.1897 95.2056 0 0 0
660 1 68.3947 80.7227 95.5001 0 0 0
661 1 67.8915 81.5683 96.2034 0 0 0
662 1 67.8191 82.6006 95.8779 0 0 0
663 1 68.8572 83.3872 95.4044 0 0 0
664 1 69.9593 83.1326 95.5694 0 0 0
665 1 70.9635 82.6831 95.7749 0 0 0
666 1 71.4158 81.5423 96.0441 0 0 0
667 1 71.0037 80.4652 96.2133 0 0 0
668 1 70.3123 79.5536 96.2900 0 0 0
669 1 69.3344 79.6580 96.8116 0 0 0
670 1 68.6735 80.3143 97.6867 0 0 0
671 1 67.7455 81.2468 98.0131 0 0 0
672 1 67.9973 82.1058 97.0866 0 0 0
673 1 68.7577 82.2959 95.9395 0 0 0
674 1 69.6838 81.8475 95.8569 0 0 0
675 1 69.8622 81.0307 96.6141 0 0 0
676 1 70.2454 81.0916 97.7252 0 0 0
677 1 70.5811 81.4442 98.7034 0 0 0
678 1 69.9503 81.5051 99.6007 0 0 0
679 1 69.0942 80.9777 99.8730 0 0 0
680 1 68.8560 81.3665 98.6236 0 0 0
681 1 68.9676 82.0576 97.6186 0 0 0
682 1 69.4811 82.5112 96.9011 0 0 0
683 1 70.3084 81.9064 96.7104 0 0 0
684 1 71.2383 81.1844 97.0716 0 0 0
685 1 71.6002 80.5158 97.9508 0 0 0
686 1 71.2741 80.0267 98.8433 0 0 0
687 1 70.7389 80.1114 99.8021 0 0 0
688 1 70.5172 80.2837 100.8559 0 0 0
689 1 70.1452 81.2263 101.3169 0 0 0
690 1 69.7231 82.1539 100.7925 0 0 0
691 1 69.4237 82.4075 99.7124 0 0 0
692 1 69.4539 82.3826 98.6442 0 0 0
693 1 70.0936 82.3260 97.8724 0 0 0
694 1 71.0974 82.4705 97.5992 0 0 0
695 1 72.4304 82.2015 97.8711 0 0 0
696 1 72.8116 82.3006 99.0241 0 0 0
697 1 73.0137 82.2097 100.2721 0 0 0
698 1 72.0964 81.8622 100.6491 0 0 0
699 1 70.9222 81.9187 100.2640 0 0 0
700 1 70.7583 82.8780 99.1053 0 0 0
701 1 71.5097 83.2881 98.3326 0 0 0
702 1 72.5637 83.0674 98.4485 0 0 0
703 1 73.4905 83.1525 98.8891 0 0 0
704 1 74.2416 82.5165 99.3162 0 0 0
705 1 74.0888 81.4843 99.7107 0 0 0
706 1 73.3752 80.8004 99.4722 0 0 0
707 1 72.3187 81.0733 99.1756 0 0 0
708 1 71.7864 82.0512 99.4092 0 0 0
709 1 72.0219 82.9609 99.6889 0 0 0
710 1 72.7387 83.9658 99.7204 0 0 0
711 1 73.8532 84.1971 99.5183 0 0 0
712 1 74.8901 83.6380 98.4818 0 0 0
713 1 75.2630 82.9930 97.6985 0 0 0
714 1 74.9193 82.7373 96.7046 0 0 0
715 1 73.8365 82.1226 96.3643 0 0 0
716 1 72.5488 82.0829 96.5552 0 0 0
717 1 71.9626 82.7673 96.9585 0 0 0
718 1 71.7650 83.6074 97.3768 0 0 0
719 1 72.5706 84.3827 97.7527 0 0 0
720 1 73.4956 85.2608 98.1208 0 0 0
721 1 74.4401 85.4983 98.1379 0 0 0
722 1 74.6521 85.3723 97.1048 0 0 0
723 1 74.7726 84.6862 96.3076 0 0 0
724 1 73.7927 83.8972 95.6078 0 0 0
725 1 73.0101 83.2326 95.7234 0 0 0
726 1 73.0919 83.0491 96.7896 0 0 0
727 1 73.3470 83.4174 97.8473 0 0 0
728 1 74.2993 84.2559 97.8307 0 0 0
729 1 75.2572 84.7593 97.9719 0 0 0
730 1 75.7466 85.5622 97.3321 0 0 0
731 1 76.2070 85.5627 96.2900 0 0 0
732 1 76.2044 84.5664 95.6213 0 0 0
733 1 75.5065 83.9599 95.9918 0 0 0
734 1 74.3994 83.6568 96.4783 0 0 0
735 1 73.5109 84.2032 96.8171 0 0 0
736 1 73.1115 85.0601 97.1271 0 0 0
737 1 73.1568 86.1527 97.3757 0 0 0
738 1 74.1138 86.8555 97.0908 0 0 0
739 1 74.7476 87.3236 96.4679 0 0 0
740 1 75.5607 87.0441 95.5374 0 0 0
741 1 76.3980 86.1972 94.8548 0 0 0
742 1 75.9682 85.5010 94.2260 0 0 0
743 1 75.0550 85.0046 93.7839 0 0 0
744 1 74.2226 84.4279 93.9806 0 0 0
745 1 73.3185 84.2678 94.7150 0 0 0
746 1 73.3249 84.9837 95.6502 0 0 0
747 1 74.0751 85.6740 95.8233 0 0 0
748 1 74.8784 85.9714 95.3962 0 0 0
749 1 75.2317 86.5728 94.4845 0 0 0
750 1 75.1708 86.2635 93.4885 0 0 0
751 1 74.8517 85.9433 92.4922 0 0 0
752 1 74.4842 84.9817 91.7852 0 0 0
753 1 74.1716 84.6780 92.6684 0 0 0
754 1 73.8747 85.4883 93.4402 0 0 0
755 1 73.9732 85.8540 94.4575 0 0 0
756 1 74.1642 86.7402 94.9791 0 0 0
757 1 74.6679 88.0069 95.0297 0 0 0
758 1 74.9259 87.9854 93.9635 0 0 0
759 1 74.3998 87.6767 93.1093 0 0 0
760 1 74.0353 86.8840 92.4965 0 0 0
761 1 73.6280 85.8909 92.3486 0 0 0
762 1 73.1033 84.8966 92.9308 0 0 0
763 1 72.9691 85.1453 93.9780 0 0 0
764 1 73.0525 85.6160 94.9277 0 0 0
765 1 73.3532 86.4074 95.7558 0 0 0
766 1 73.4771 87.4426 95.4446 0 0 0
767 1 73.5233 87.5990 94.3761 0 0 0
768 1 73.4224 87.3453 93.2984 0 0 0
769 1 72.9871 86.6286 92.5825 0 0 0
770 1 72.4661 85.2672 92.2082 0 0 0
771 1 72.1606 84.3777 92.8090 0 0 0
772 1 71.6785 84.3519 93.9439 0 0 0
773 1 71.6179 85.3181 94.4654 0 0 0
774 1 71.6634 86.3567 94.5277 0 0 0
775 1 72.1354 86.9571 93.4282 0 0 0
776 1 72.0191 87.1234 92.3393 0 0 0
777 1 71.9724 86.7718 91.4429 0 0 0
778 1 71.6276 85.7124 91.5752 0 0 0
779 1 70.7943 84.6185 92.0794 0 0 0
780 1 70.4757 84.3106 93.0876 0 0 0
781 1 70.3895 84.5531 94.2532 0 0 0
782 1 70.6165 85.3758 94.9276 0 0 0
783 1 71.2388 85.8523 95.8028 0 0 0
784 1 72.0016 86.5748 95.7680 0 0 0
785 1 72.5297 86.6815 94.8113 0 0 0
786 1 72.8581 86.2253 93.9857 0 0 0
787 1 72.3600 85.8155 93.0607 0 0 0
788 1 71.3618 85.7311 92.9180 0 0 0
789 1 70.5480 85.9611 93.7645 0 0 0
790 1 70.2181 86.3867 94.7750 0 0 0
791 1 70.2259 86.7187 95.8238 0 0 0
792 1 71.1427 86.5245 96.4713 0 0 0
793 1 72.1769 85.9970 96.5742 0 0 0
794 1 72.4694 85.0310 96.2608 0 0 0
795 1 72.6664 84.1223 95.5645 0 0 0
796 1 71.6782 83.7743 95.0311 0 0 0
797 1 70.8684 83.3828 94.7742 0 0 0
798 1 70.2432 84.3639 95.3740 0 0 0
799 1 70.5947 85.0825 96.0896 0 0 0
800 1 70.7749 85.6345 97.0644 0 0 0
801 1 71.6894 86.1017 97.5714 0 0 0
802 1 72.3635 86.4479 98.2105 0 0 0
803 1 72.1718 85.7095 98.8996 0 0 0
804 1 71.5693 84.8967 99.2571 0 0 0
805 1 70.7077 83.9556 98.9175 0 0 0
806 1 69.9692 83.4358 97.8147 0 0 0
807 1 70.1145 83.3143 96.7795 0 0 0
808 1 70.8122 83.7410 96.0504 0 0 0
809 1 71.5263 84.5387 96.3579 0 0 0
810 1 71.3530 84.8516 97.3223 0 0 0
811 1 71.0950 85.4500 98.2791 0 0 0
812 1 71.1290 85.7649 99.2924 0 0 0
813 1 71.4747 85.3963 100.4278 0 0 0
814 1 71.3741 84.4213 100.6567 0 0 0
815 1 70.6914 83.7627 100.4656 0 0 0
816 1 69.7618 83.4306 99.7531 0 0 0
817 1 69.4785 83.5402 98.8370 0 0 0
818 1 69.1776 83.9856 97.9048 0 0 0
819 1 69.2853 85.0184 97.3065 0 0 0
820 1 69.9638 85.8037 97.6613 0 0 0
821 1 70.0315 85.7887 98.8353 0 0 0
822 1 69.8083 85.5709 100.0363 0 0 0
823 1 69.2573 85.0187 100.9013 0 0 0
824 1 68.9558 84.1601 100.6090 0 0 0
825 1 68.4417 83.4091 100.2449 0 0 0
826 1 68.2043 83.1453 99.1571 0 0 0
827 1 68.5022 83.1811 97.6742 0 0 0
828 1 69.0021 83.4537 96.6583 0 0 0
829 1 69.7569 84.2824 96.2538 0 0 0
830 1 70.3793 84.6608 97.0976 0 0 0
831 1 70.0767 84.6443 98.0947 0 0 0
832 1 69.5290 84.8800 99.2350 0 0 0
833 1 68.6478 84.9036 99.9370 0 0 0
834 1 68.3698 84.5373 98.6859 0 0 0
835 1 68.2370 84.4762 97.5093 0 0 0
836 1 68.4438 84.2974 96.4712 0 0 0
837 1 69.1947 84.9762 95.7730 0 0 0
838 1 69.7929 85.7208 96.3068 0 0 0
839 1 69.9885 86.6089 96.8362 0 0 0
840 1 69.4950 86.7338 97.8144 0 0 0
841 1 68.6688 86.0898 98.5193 0 0 0
842 1 67.7778 85.3708 98.8709 0 0 0
843 1 67.0574 84.3746 98.6374 0 0 0
844 1 66.8380 83.6338 97.2509 0 0 0
845 1 67.0215 84.0878 96.2517 0 0 0
846 1 67.9033 84.7315 95.7549 0 0 0
847 1 68.3284 85.6138 95.9686 0 0 0
848 1 68.7934 86.1581 96.7670 0 0 0
849 1 68.1156 85.9711 97.6678 0 0 0
850 1 67.4757 85.1918 97.8004 0 0 0
851 1 66.6526 85.1169 96.9703 0 0 0
852 1 66.6928 84.9612 95.4668 0 0 0
853 1 67.4463 84.7849 94.5855 0 0 0
854 1 68.5288 84.6478 94.4382 0 0 0
855 1 69.3591 85.7199 94.7705 0 0 0
856 1 69.1091 86.6917 95.6276 0 0 0
857 1 67.9401 86.8346 96.0757 0 0 0
858 1 67.0129 86.2116 96.0638 0 0 0
859 1 66.1135 85.6152 96.2412 0 0 0
860 1 65.6569 84.8465 95.7080 0 0 0
861 1 65.6333 83.8647 94.8553 0 0 0
862 1 66.6804 83.4212 94.3922 0 0 0
863 1 67.8293 83.5119 94.0524 0 0 0
864 1 68.7926 83.9763 93.6077 0 0 0
865 1 69.2734 84.8637 93.4772 0 0 0
866 1 69.1428 85.8293 93.7742 0 0 0
867 1 68.3957 86.1773 94.4949 0 0 0
868 1 67.4660 85.8837 94.7616 0 0 0
869 1 66.3652 85.5240 94.4429 0 0 0
870 1 66.3149 84.7258 93.6224 0 0 0
871 1 67.3510 84.3623 92.6884 0 0 0
872 1 68.5813 85.1528 92.3747 0 0 0
873 1 69.2931 85.8238 92.5071 0 0 0
874 1 69.6615 86.8194 92.8976 0 0 0
875 1 68.8913 88.0037 92.7944 0 0 0
876 1 68.1760 87.8958 93.7459 0 0 0
877 1 67.9034 87.6125 94.7248 0 0 0
878 1 67.2143 86.9624 95.3693 0 0 0
879 1 66.2750 86.5288 94.1612 0 0 0
880 1 66.8401 86.3340 93.2351 0 0 0
881 1 67.8524 86.0973 92.3483 0 0 0
882 1 68.6831 86.5329 91.9165 0 0 0
883 1 69.4635 87.1361 91.4912 0 0 0
884 1 70.4948 87.2709 91.7910 0 0 0
885 1 71.0479 86.9632 92.6007 0 0 0
886 1 70.3315 87.1919 93.6634 0 0 0
887 1 69.2928 86.8524 93.9514 0 0 0
888 1 68.2675 86.8560 93.7284 0 0 0
889 1 67.9001 87.4580 92.7209 0 0 0
890 1 68.2407 88.2560 91.6874 0 0 0
891 1 69.2456 88.6921 91.5854 0 0 0
892 1 70.3186 88.9569 91.7808 0 0 0
893 1 70.8917 89.1375 92.6681 0 0 0
894 1 71.6992 89.4886 93.8541 0 0 0
895 1 71.5248 89.0930 94.8978 0 0 0
896 1 70.5910 89.1607 95.7438 0 0 0
897 1 69.7042 89.1971 95.3072 0 0 0
898 1 69.5419 89.0805 94.1396 0 0 0
899 1 69.8176 88.4746 93.3719 0 0 0
900 1 70.1843 87.7893 92.7296 0 0 0
901 1 71.0429 88.1134 92.2237 0 0 0
902 1 72.0285 88.6578 91.7980 0 0 0
903 1 72.4262 89.6990 92.4069 0 0 0
904 1 72.2357 90.4934 93.6132 0 0 0
905 1 71.4106 90.6659 94.6053 0 0 0
906 1 70.4596 90.1086 94.8760 0 0 0
907 1 70.4961 88.8694 94.7641 0 0 0
908 1 70.9887 88.1438 93.8884 0 0 0
909 1 71.6301 88.0592 93.0853 0 0 0
910 1 72.5412 88.5301 92.7574 0 0 0
911 1 73.2667 89.3429 92.9953 0 0 0
912 1 73.4508 90.1413 93.8010 0 0 0
913 1 72.9943 90.6708 94.6337 0 0 0
914 1 72.4176 90.0510 95.5702 0 0 0
915 1 72.0104 89.1054 96.0850 0 0 0
916 1 71.2714 87.9252 95.9668 0 0 0
917 1 71.0665 87.6417 94.8431 0 0 0
918 1 72.1008 88.4398 94.2815 0 0 0
919 1 73.0963 89.0345 94.0263 0 0 0
920 1 74.0618 89.1537 94.2731 0 0 0
921 1 74.7272 88.8793 95.7103 0 0 0
922 1 74.4433 88.9252 96.6213 0 0 0
923 1 73.5357 88.6898 97.1151 0 0 0
924 1 72.7775 88.0136 97.0550 0 0 0
925 1 72.1314 87.5380 96.3086 0 0 0
926 1 72.2547 88.0508 95.3635 0 0 0
927 1 72.9150 88.8001 95.1187 0 0 0
928 1 73.5783 89.5183 95.3305 0 0 0
929 1 74.0909 90.0864 96.3373 0 0 0
930 1 74.4860 89.9451 97.3754 0 0 0
931 1 74.4015 89.0621 97.9267 0 0 0
932 1 73.5763 88.1589 98.1100 0 0 0
933 1 72.9444 87.3507 98.0963 0 0 0
934 1 71.9392 87.1123 97.3534 0 0 0
935 1 71.0848 87.6210 96.8989 0 0 0
936 1 71.7450 88.4526 96.9014 0 0 0
937 1 72.8255 89.4770 97.0777 0 0 0
938 1 73.4488 90.2996 97.4891 0 0 0
939 1 73.8431 90.7589 98.4910 0 0 0
940 1 73.9455 90.2543 99.4008 0 0 0
941 1 73.7360 89.3267 100.0336 0 0 0
942 1 72.9808 88.6096 99.7112 0 0 0
943 1 72.1120 88.6843 98.8729 0 0 0
944 1 71.6897 88.9307 97.7908 0 0 0
945 1 70.8815 89.4004 96.7814 0 0 0
946 1 71.8653 90.2895 97.1192 0 0 0
947 1 72.5542 89.9767 97.9553 0 0 0
948 1 72.7549 89.9300 99.1905 0 0 0
949 1 72.1245 89.5326 100.1553 0 0 0
950 1 71.6019 88.5157 100.5209 0 0 0
951 1 71.5591 87.7143 99.8020 0 0 0
952 1 71.5003 87.1378 98.8397 0 0 0
953 1 70.8659 86.9893 98.0199 0 0 0
954 1 70.7183 88.4644 97.7657 0 0 0
955 1 70.7945 89.3528 98.2892 0 0 0
956 1 70.9026 90.0717 99.1551 0 0 0
957 1 71.1701 90.6140 99.9929 0 0 0
958 1 70.9707 90.0689 100.9521 0 0 0
959 1 70.9204 88.9937 101.4653 0 0 0
960 1 70.6200 88.0171 100.7163 0 0 0
961 1 70.1005 87.3175 99.6372 0 0 0
962 1 69.4810 87.3360 98.8449 0 0 0
963 1 68.5362 87.2586 98.5702 0 0 0
964 1 67.5052 86.9157 98.9989 0 0 0
965 1 66.8586 87.4122 99.6582 0 0 0
966 1 67.3038 88.0455 100.9542 0 0 0
967 1 68.4640 88.4429 101.5511 0 0 0
968 1 69.7813 88.5834 101.2353 0 0 0
969 1 69.8309 88.7991 100.2065 0 0 0
970 1 69.5744 88.6086 99.1132 0 0 0
971 1 68.6648 88.2621 98.3401 0 0 0
972 1 67.9516 88.1940 97.6045 0 0 0
973 1 67.0488 87.7231 97.8686 0 0 0
974 1 66.2124 87.2886 98.8005 0 0 0
975 1 66.1846 86.4002 99.5690 0 0 0
976 1 66.9031 85.9652 100.1833 0 0 0
977 1 68.0177 86.2098 100.1450 0 0 0
978 1 68.8330 87.2202 99.9270 0 0 0
979 1 68.7670 88.2264 99.8975 0 0 0
980 1 68.5583 88.9801 99.2999 0 0 0
981 1 67.9349 88.9966 98.5017 0 0 0
982 1 66.8965 89.0744 98.4664 0 0 0
983 1 65.3590 88.6228 98.7332 0 0 0
984 1 65.1269 87.5523 98.4503 0 0 0
985 1 65.9060 86.6988 97.7015 0 0 0
986 1 66.9303 86.6913 97.3335 0 0 0
987 1 68.1735 86.8483 97.2117 0 0 0
988 1 69.0833 87.5783 97.0047 0 0 0
989 1 69.0485 88.5120 97.4533 0 0 0
990 1 68.1195 89.2855 97.3654 0 0 0
991 1 67.1254 89.4811 97.3358 0 0 0
992 1 65.8848 89.2675 97.0534 0 0 0
993 1 65.3155 88.3368 97.0424 0 0 0
994 1 66.4969 87.7739 96.9149 0 0 0
995 1 67.4435 87.6991 96.4741 0 0 0
996 1 68.2989 88.0088 95.7955 0 0 0
997 1 69.2261 88.4597 95.8523 0 0 0
998 1 69.7879 89.1665 96.3692 0 0 0
999 1 68.7443 89.1292 96.4730 0 0 0
1000 1 67.7839 89.3905 96.1417 0 0 0
1001 1 66.6329 89.7540 95.7212 0 0 0
1002 1 65.5921 89.0209 95.1100 0 0 0
1003 1 65.6917 87.9837 94.8731 0 0 0
1004 1 66.8873 88.0025 94.6711 0 0 0
1005 1 68.5869 88.6893 94.6604 0 0 0
1006 1 68.4353 89.9966 95.4110 0 0 0
1007 1 67.4430 90.5748 95.4510 0 0 0
1008 1 66.2144 90.7597 95.8104 0 0 0
1009 1 65.1885 90.3237 96.0126 0 0 0
1010 1 64.7057 88.9475 96.1932 0 0 0
1011 1 65.8934 88.2361 95.8491 0 0 0
1012 1 67.0490 88.4837 95.8721 0 0 0
1013 1 67.8385 89.2152 95.0236 0 0 0
1014 1 68.2557 89.8855 93.7789 0 0 0
1015 1 67.9357 90.3565 92.8179 0 0 0
1016 1 66.9994 90.7821 92.1286 0 0 0
1017 1 66.2305 91.3778 92.4727 0 0 0
1018 1 65.8205 91.3727 93.3835 0 0 0
1019 1 66.2130 90.8463 94.3344 0 0 0
1020 1 66.8307 89.9588 94.5873 0 0 0
1021 1 67.1705 89.5335 93.7571 0 0 0
1022 1 67.4231 89.3851 92.6376 0 0 0
1023 1 68.0180 89.6851 91.8835 0 0 0
1024 1 68.8538 90.0534 92.5121 0 0 0
1025 1 69.4110 90.1248 93.3184 0 0 0
1026 1 69.0783 90.9200 93.7897 0 0 0
1027 1 68.5354 92.0629 94.1407 0 0 0
1028 1 67.6030 92.6528 93.8261 0 0 0
1029 1 67.0061 92.5352 92.9805 0 0 0
1030 1 67.1697 91.8053 92.1075 0 0 0
1031 1 68.3124 90.9721 91.8252 0 0 0
1032 1 69.3281 90.7134 91.8799 0 0 0
1033 1 70.4627 90.5869 92.6100 0 0 0
1034 1 70.3611 90.3510 93.8132 0 0 0
1035 1 69.3459 90.3320 94.6218 0 0 0
1036 1 68.1141 90.6189 94.6355 0 0 0
1037 1 67.3616 91.4750 94.0772 0 0 0
1038 1 67.7982 91.8467 93.2104 0 0 0
1039 1 68.7286 92.3316 92.7008 0 0 0
1040 1 69.8820 91.8011 92.3965 0 0 0
1041 1 71.0875 91.5174 92.4922 0 0 0
1042 1 71.8184 91.5507 93.2543 0 0 0
1043 1 71.2426 91.7668 94.3011 0 0 0
1044 1 70.6353 92.4698 94.7732 0 0 0
1045 1 69.6117 92.8085 94.9168 0 0 0
1046 1 68.6258 93.1681 94.5671 0 0 0
1047 1 68.6775 93.2018 93.3066 0 0 0
1048 1 69.5491 93.2220 92.6559 0 0 0
1049 1 70.5972 92.8400 91.9906 0 0 0
1050 1 71.4862 92.3559 91.8865 0 0 0
1051 1 72.5003 92.3120 92.5482 0 0 0
1052 1 73.2010 92.0844 93.4666 0 0 0
1053 1 72.5190 91.9032 94.5474 0 0 0
1054 1 71.5452 91.9990 95.2443 0 0 0
1055 1 70.6585 91.5246 95.1405 0 0 0
1056 1 69.4366 91.5576 94.5628 0 0 0
1057 1 69.6968 92.0257 93.6577 0 0 0
1058 1 70.4865 92.5855 93.3621 0 0 0
1059 1 71.7522 92.8671 93.5392 0 0 0
1060 1 72.6488 93.0709 94.0139 0 0 0
1061 1 73.5499 92.7820 94.5850 0 0 0
1062 1 73.5859 92.2291 95.3182 0 0 0
1063 1 73.1464 91.6251 96.2262 0 0 0
1064 1 71.8877 91.7162 96.8585 0 0 0
1065 1 70.7943 92.0845 96.2645 0 0 0
1066 1 69.4611 92.0756 95.6163 0 0 0
1067 1 69.0557 90.9593 95.3581 0 0 0
1068 1 69.7937 90.1720 95.7860 0 0 0
1069 1 71.1572 90.4851 95.9015 0 0 0
1070 1 72.2880 91.0993 95.6186 0 0 0
1071 1 72.5322 92.2001 95.6929 0 0 0
1072 1 71.8777 92.9405 95.5182 0 0 0
1073 1 70.5937 93.2787 95.4873 0 0 0
1074 1 69.6167 93.0271 96.1200 0 0 0
1075 1 68.8017 92.0481 96.7426 0 0 0
1076 1 68.4310 91.0960 96.9152 0 0 0
1077 1 68.7534 90.1462 97.0220 0 0 0
1078 1 69.7428 89.7595 97.3868 0 0 0
1079 1 70.5229 90.2430 97.7157 0 0 0
1080 1 71.0158 90.9602 98.1616 0 0 0
1081 1 70.1844 91.3028 97.3816 0 0 0
1082 1 69.3491 91.1959 96.4309 0 0 0
1083 1 68.2607 91.2443 95.8083 0 0 0
1084 1 67.3212 91.3290 96.3264 0 0 0
1085 1 66.7663 91.0344 97.0780 0 0 0
1086 1 66.9192 90.3356 98.1610 0 0 0
1087 1 67.8096 90.0042 98.6908 0 0 0
1088 1 68.7803 89.9260 98.7527 0 0 0
1089 1 69.5977 90.3784 98.3274 0 0 0
1090 1 68.8994 91.5725 97.6942 0 0 0
1091 1 68.0091 92.0840 97.5710 0 0 0
1092 1 66.8038 91.9549 97.4967 0 0 0
1093 1 65.8938 91.5348 97.5946 0 0 0
1094 1 65.8571 90.5174 97.8622 0 0 0
1095 1 66.1060 89.6889 98.7355 0 0 0
1096 1 66.7213 88.9952 99.4966 0 0 0
1097 1 67.5827 89.3989 100.0513 0 0 0
1098 1 68.2123 90.2443 99.9121 0 0 0
1099 1 68.6113 90.8320 99.1850 0 0 0
1100 1 67.8512 91.5109 98.4996 0 0 0
1101 1 66.7763 91.6761 98.4926 0 0 0
1102 1 65.8132 91.5296 99.3154 0 0 0
1103 1 65.2433 91.5657 100.3922 0 0 0
1104 1 65.4013 91.4686 101.4787 0 0 0
1105 1 66.3063 91.6242 102.0499 0 0 0
1106 1 67.3167 91.7358 101.7016 0 0 0
1107 1 68.0604 92.3601 101.1011 0 0 0
1108 1 67.9618 91.8309 99.7011 0 0 0
1109 1 67.4320 90.9200 99.2530 0 0 0
1110 1 66.8760 90.1678 99.5186 0 0 0
1111 1 66.2003 89.7281 100.4287 0 0 0
1112 1 65.9462 89.7133 101.5805 0 0 0
1113 1 66.0862 90.4276 102.2996 0 0 0
1114 1 67.0774 91.0163 102.4293 0 0 0
1115 1 68.4122 91.4088 102.2880 0 0 0
1116 1 68.9704 91.7936 101.4632 0 0 0
1117 1 69.1552 92.1049 100.4075 0 0 0
1118 1 68.6083 92.5452 99.5426 0 0 0
1119 1 67.5377 92.9289 99.4182 0 0 0
1120 1 66.6780 92.2713 99.5038 0 0 0
1121 1 66.3534 91.3942 100.3025 0 0 0
1122 1 66.6835 90.4934 101.0202 0 0 0
1123 1 67.6050 90.0079 101.3868 0 0 0
1124 1 68.7918 89.8745 101.6765 0 0 0
1125 1 69.7100 89.9155 101.3058 0 0 0
1126 1 69.8485 90.1651 100.3135 0 0 0
1127 1 70.2021 91.2063 100.1018 0 0 0
1128 1 70.1880 92.2924 100.0643 0 0 0
1129 1 69.4364 93.0074 100.0188 0 0 0
1130 1 68.4312 93.2911 100.3312 0 0 0
1131 1 67.3628 93.0821 100.4368 0 0 0
1132 1 66.9523 92.0376 100.7360 0 0 0
1133 1 67.6969 91.1554 100.6821 0 0 0
1134 1 68.7536 90.9369 100.7600 0 0 0
1135 1 69.9322 91.1708 101.0702 0 0 0
1136 1 70.7279 91.8857 101.1284 0 0 0
1137 1 71.2414 93.1432 100.8169 0 0 0
1138 1 70.6200 93.9543 100.2782 0 0 0
1139 1 69.8098 93.8994 99.5489 0 0 0
1140 1 68.9794 93.6229 98.8477 0 0 0
1141 1 68.7685 92.7681 98.1714 0 0 0
1142 1 69.1581 91.8393 98.8404 0 0 0
1143 1 70.1746 91.4524 99.0703 0 0 0
1144 1 71.2573 91.6038 99.6367 0 0 0
1145 1 71.5729 92.5683 99.9089 0 0 0
1146 1 71.6551 93.7392 99.7512 0 0 0
1147 1 71.1788 94.5563 99.4825 0 0 0
1148 1 70.5753 94.9091 98.5183 0 0 0
1149 1 70.2183 93.8309 98.3829 0 0 0
1150 1 70.7422 92.8292 98.4532 0 0 0
1151 1 71.7065 92.5289 98.3873 0 0 0
1152 1 72.4527 93.4942 98.1394 0 0 0
1153 1 72.2131 94.5950 98.0263 0 0 0
1154 1 71.5683 95.4362 97.6498 0 0 0
1155 1 70.2881 95.2389 97.4454 0 0 0
1156 1 69.3956 94.7246 97.5791 0 0 0
1157 1 69.5034 93.7494 97.5254 0 0 0
1158 1 70.2718 92.9945 97.2334 0 0 0
1159 1 71.1425 92.4715 97.2141 0 0 0
1160 1 72.3729 92.5120 97.3240 0 0 0
1161 1 73.1989 93.5383 97.4057 0 0 0
1162 1 73.6360 94.5252 97.6384 0 0 0
1163 1 73.2218 95.6905 97.5212 0 0 0
1164 1 72.2400 96.3466 97.2386 0 0 0
1165 1 70.9519 95.6798 96.6732 0 0 0
1166 1 70.1825 94.9416 96.5626 0 0 0
1167 1 70.1473 93.8726 96.6376 0 0 0
1168 1 71.2200 93.2078 96.4023 0 0 0
1169 1 72.2332 93.5313 96.7634 0 0 0
1170 1 73.1352 94.6046 96.6583 0 0 0
1171 1 73.3577 95.4990 96.1022 0 0 0
1172 1 72.8791 96.0867 95.3851 0 0 0
1173 1 72.0308 96.3648 94.1071 0 0 0
1174 1 71.7925 95.3923 93.6978 0 0 0
1175 1 71.4882 94.3868 93.8680 0 0 0
1176 1 71.4970 93.7084 94.7653 0 0 0
1177 1 72.1737 94.1354 95.5052 0 0 0
1178 1 72.1947 95.2456 96.0945 0 0 0
1179 1 71.7576 96.2107 95.8601 0 0 0
1180 1 71.1317 96.7779 95.3019 0 0 0
1181 1 70.1145 96.8143 94.6805 0 0 0
1182 1 69.4433 96.1939 94.1300 0 0 0
1183 1 69.0989 95.1087 93.9246 0 0 0
1184 1 69.4703 94.1656 93.9976 0 0 0
1185 1 69.8263 93.8931 94.8711 0 0 0
1186 1 70.7142 94.3474 95.7889 0 0 0
1187 1 71.3995 95.0677 95.3629 0 0 0
1188 1 71.2036 95.8952 94.5402 0 0 0
1189 1 70.4650 95.9646 93.7807 0 0 0
1190 1 69.3225 95.8616 92.8980 0 0 0
1191 1 68.1054 95.6499 93.0608 0 0 0
1192 1 67.9213 94.9082 93.9854 0 0 0
1193 1 67.9706 94.8093 95.0576 0 0 0
1194 1 68.2183 95.5278 95.9770 0 0 0
1195 1 69.4478 95.8580 95.9078 0 0 0
1196 1 70.3561 95.7505 95.4772 0 0 0
1197 1 70.7019 94.6631 94.5749 0 0 0
1198 1 70.5108 94.2628 93.5469 0 0 0
1199 1 69.9265 94.3157 92.7410 0 0 0
1200 1 68.8843 94.7664 92.4912 0 0 0
1201 1 67.4908 94.4839 92.7396 0 0 0
1202 1 66.8563 94.3154 93.6835 0 0 0
1203 1 67.1153 94.0831 94.6488 0 0 0
1204 1 67.8083 93.6486 95.2961 0 0 0
1205 1 68.7528 94.1438 95.6634 0 0 0
1206 1 69.3471 94.9072 95.2878 0 0 0
1207 1 68.9656 95.7876 94.8868 0 0 0
1208 1 68.0368 95.7586 94.5568 0 0 0
1209 1 66.8196 95.2077 94.3344 0 0 0
1210 1 66.0367 94.5389 94.3440 0 0 0
1211 1 65.0871 94.0403 94.5894 0 0 0
1212 1 65.5459 93.1039 94.6501 0 0 0
1213 1 66.4091 92.7475 95.0525 0 0 0
1214 1 67.3961 92.5152 95.1361 0 0 0
1215 1 68.1241 92.4113 95.9671 0 0 0
1216 1 68.4882 93.2268 96.6476 0 0 0
1217 1 68.2994 94.6486 97.1375 0 0 0
1218 1 67.3774 95.0570 96.4967 0 0 0
1219 1 66.4532 95.2381 95.8358 0 0 0
1220 1 65.0721 95.1352 94.8614 0 0 0
1221 1 64.0121 94.4547 94.5929 0 0 0
1222 1 63.9474 93.2747 94.6082 0 0 0
1223 1 64.6796 92.6165 95.2097 0 0 0
1224 1 65.4341 91.9664 95.7980 0 0 0
1225 1 66.3650 91.9851 96.3006 0 0 0
1226 1 67.2014 92.4317 96.5859 0 0 0
1227 1 67.5340 93.4347 96.3675 0 0 0
1228 1 66.9281 94.1402 95.7772 0 0 0
1229 1 65.8310 94.0458 95.6096 0 0 0
1230 1 65.0005 93.4364 95.7003 0 0 0
1231 1 64.3076 93.0918 96.7613 0 0 0
1232 1 64.6163 92.8076 97.7802 0 0 0
1233 1 64.9516 93.3279 98.5957 0 0 0
1234 1 66.0113 93.7132 98.7401 0 0 0
1235 1 66.7606 94.3875 98.6962 0 0 0
1236 1 67.0033 94.8320 97.7460 0 0 0
1237 1 66.0150 94.8770 96.6765 0 0 0
1238 1 65.0443 94.5554 96.8323 0 0 0
1239 1 64.0913 94.3751 97.5958 0 0 0
1240 1 63.8010 93.6047 98.3374 0 0 0
1241 1 64.1237 92.9142 99.0639 0 0 0
1242 1 65.0509 92.2717 99.3717 0 0 0
1243 1 65.7328 92.3057 98.4592 0 0 0
1244 1 65.6530 92.6471 97.1770 0 0 0
1245 1 66.1310 93.5607 96.6392 0 0 0
1246 1 65.6249 93.8251 97.4589 0 0 0
1247 1 65.0064 94.2757 98.3053 0 0 0
1248 1 64.6509 94.1598 99.4257 0 0 0
1249 1 64.3611 93.6548 100.4060 0 0 0
1250 1 65.3133 92.9344 100.3885 0 0 0
1251 1 65.8836 92.9348 99.4277 0 0 0
1252 1 66.8781 93.0965 98.4637 0 0 0
1253 1 67.5891 93.8793 98.0379 0 0 0
1254 1 67.9763 94.8633 98.1633 0 0 0
1255 1 67.5309 95.5129 98.7384 0 0 0
1256 1 66.6818 95.5212 99.2497 0 0 0
1257 1 65.7058 95.3691 99.4430 0 0 0
1258 1 65.1942 94.6438 100.4959 0 0 0
1259 1 65.0464 94.5181 101.4305 0 0 0
1260 1 65.1999 94.0613 102.5990 0 0 0
1261 1 65.8112 94.5652 103.3272 0 0 0
1262 1 66.9308 94.6534 102.5756 0 0 0
1263 1 67.4688 94.6647 101.6455 0 0 0
1264 1 67.9442 94.4660 100.7355 0 0 0
1265 1 67.7864 94.1157 99.8366 0 0 0
1266 1 66.8251 93.8591 99.6755 0 0 0
1267 1 65.9514 93.7780 100.2923 0 0 0
1268 1 66.0777 93.3096 101.3338 0 0 0
1269 1 66.2558 93.2382 102.3790 0 0 0
1270 1 67.2217 93.2472 102.8267 0 0 0
1271 1 68.3952 93.7546 102.6928 0 0 0
1272 1 68.9039 94.5145 102.0774 0 0 0
1273 1 69.4565 95.0942 101.3298 0 0 0
1274 1 69.1540 95.3527 100.2336 0 0 0
1275 1 68.3409 95.0725 99.5525 0 0 0
1276 1 67.2682 94.9561 100.1175 0 0 0
1277 1 66.9590 94.3316 100.8826 0 0 0
1278 1 67.3277 93.6651 101.5428 0 0 0
1279 1 68.2529 93.1872 101.7833 0 0 0
1280 1 69.2838 93.2790 101.4277 0 0 0
1281 1 70.0423 94.1474 101.1895 0 0 0
1282 1 70.4971 95.0618 100.4963 0 0 0
1283 1 69.9280 96.2445 100.1528 0 0 0
1284 1 68.8299 96.8583 100.4119 0 0 0
1285 1 68.2415 96.8625 101.2261 0 0 0
1286 1 68.3310 96.0879 102.1227 0 0 0
1287 1 69.0663 95.2927 102.6635 0 0 0
1288 1 69.9914 94.8972 102.6220 0 0 0
1289 1 70.8248 95.1114 101.8350 0 0 0
1290 1 71.1429 95.6530 100.8895 0 0 0
1291 1 70.9675 96.7176 100.6271 0 0 0
1292 1 70.1518 97.4856 100.4068 0 0 0
1293 1 69.3680 97.7172 99.6470 0 0 0
1294 1 68.6321 97.3999 98.9813 0 0 0
1295 1 67.9825 96.6537 99.3583 0 0 0
1296 1 68.0694 95.9109 100.0791 0 0 0
1297 1 68.7281 95.7310 101.0614 0 0 0
1298 1 69.5742 95.9738 101.7114 0 0 0
1299 1 70.3857 96.6484 101.7060 0 0 0
1300 1 71.3012 97.2334 101.4759 0 0 0
1301 1 71.7411 97.8580 100.5577 0 0 0
1302 1 71.2327 98.0472 99.6524 0 0 0
1303 1 70.3623 97.6000 98.9185 0 0 0
1304 1 69.5769 97.0232 98.8430 0 0 0
1305 1 69.4182 96.0382 99.1893 0 0 0
1306 1 70.2348 95.4993 99.4656 0 0 0
1307 1 71.1889 95.7397 99.6121 0 0 0
1308 1 71.4214 96.8434 99.4158 0 0 0
1309 1 71.3027 98.0370 98.5266 0 0 0
1310 1 70.9713 98.4091 97.6328 0 0 0
1311 1 69.8704 98.2566 97.2271 0 0 0
1312 1 68.8125 97.9780 97.5622 0 0 0
1313 1 68.4473 96.9574 97.9087 0 0 0
1314 1 69.0116 95.9582 97.9214 0 0 0
1315 1 70.3218 96.1853 98.0713 0 0 0
1316 1 71.4299 96.8755 97.8540 0 0 0
1317 1 72.3546 97.2574 98.1367 0 0 0
1318 1 72.5047 98.3427 98.7247 0 0 0
1319 1 71.9757 98.9553 99.3706 0 0 0
1320 1 70.9940 99.3337 99.5027 0 0 0
1321 1 69.9343 98.8263 99.0525 0 0 0
1322 1 69.4176 98.0581 98.4988 0 0 0
1323 1 69.4568 97.1002 97.5881 0 0 0
1324 1 69.4740 97.3404 96.6100 0 0 0
1325 1 69.9179 98.1373 96.0824 0 0 0
1326 1 70.4199 98.9664 96.6499 0 0 0
1327 1 70.5170 99.6605 97.4095 0 0 0
1328 1 69.5438 99.7780 97.4617 0 0 0
1329 1 68.8318 99.1334 97.3674 0 0 0
1330 1 67.8496 98.6873 97.1657 0 0 0
1331 1 68.1206 97.2661 96.8127 0 0 0
1332 1 68.8497 96.3481 96.9481 0 0 0
1333 1 70.0010 96.4224 97.0525 0 0 0
1334 1 70.8342 97.0252 96.8187 0 0 0
1335 1 70.9745 97.9241 96.0796 0 0 0
1336 1 70.6452 98.1929 95.1228 0 0 0
1337 1 69.4899 97.6758 95.0710 0 0 0
1338 1 68.5810 97.4703 95.4339 0 0 0
1339 1 68.1864 98.3240 95.9163 0 0 0
1340 1 68.5808 99.2963 96.0517 0 0 0
1341 1 69.7683 99.9352 95.7244 0 0 0
1342 1 70.1881 99.3283 94.9314 0 0 0
1343 1 69.7019 98.2234 94.1274 0 0 0
1344 1 69.0435 97.0837 94.4540 0 0 0
1345 1 68.1759 96.8694 94.7410 0 0 0
1346 1 67.2912 97.3959 95.5980 0 0 0
1347 1 66.8885 98.3638 96.3709 0 0 0
1348 1 67.2109 99.5376 96.3463 0 0 0
1349 1 67.7175 99.9845 95.5727 0 0 0
1350 1 68.2238 99.8289 94.6389 0 0 0
1351 1 68.7155 99.2668 93.8716 0 0 0
1352 1 68.7916 98.2024 93.4959 0 0 0
1353 1 67.8547 97.1643 93.7726 0 0 0
1354 1 67.1036 96.7917 94.7199 0 0 0
1355 1 66.2467 97.0774 95.3699 0 0 0
1356 1 65.9707 97.9892 95.9345 0 0 0
1357 1 65.9724 99.0671 96.0443 0 0 0
1358 1 66.9204 99.2732 95.0436 0 0 0
1359 1 67.3704 99.0102 94.1366 0 0 0
1360 1 67.4914 98.1356 93.5834 0 0 0
1361 1 66.6090 97.3297 93.5505 0 0 0
1362 1 66.0439 96.7671 94.3609 0 0 0
1363 1 65.2830 97.5215 95.2233 0 0 0
1364 1 64.8945 98.1897 95.8637 0 0 0
1365 1 64.9573 98.7962 96.7531 0 0 0
1366 1 65.9417 99.1206 97.5166 0 0 0
1367 1 66.8327 98.6929 97.9029 0 0 0
1368 1 67.2398 97.3916 97.8394 0 0 0
1369 1 67.2882 96.4757 96.9511 0 0 0
1370 1 66.4700 96.1806 96.3455 0 0 0
1371 1 65.2349 96.4054 95.7010 0 0 0
1372 1 64.6701 97.2012 96.1321 0 0 0
1373 1 63.8720 97.8161 96.5363 0 0 0
1374 1 63.4761 98.6601 97.2143 0 0 0
1375 1 64.0779 99.5060 98.2091 0 0 0
1376 1 65.2621 99.1059 98.3332 0 0 0
1377 1 66.1849 97.8346 98.3462 0 0 0
1378 1 65.8517 96.9621 97.7284 0 0 0
1379 1 65.0424 96.2722 96.9926 0 0 0
1380 1 63.7760 96.5273 96.5576 0 0 0
1381 1 62.8384 96.8079 96.2128 0 0 0
1382 1 62.1589 97.4088 96.7504 0 0 0
1383 1 62.5564 97.7710 97.6298 0 0 0
1384 1 63.4503 97.8182 98.4540 0 0 0
1385 1 64.8224 97.6642 98.8252 0 0 0
1386 1 66.1745 96.8167 98.9345 0 0 0
1387 1 66.2741 95.9945 98.2891 0 0 0
1388 1 65.6446 95.5538 97.4955 0 0 0
1389 1 64.3201 95.2055 96.6021 0 0 0
1390 1 63.2688 95.2963 96.6013 0 0 0
1391 1 62.2202 95.3201 97.4681 0 0 0
1392 1 62.2661 95.3802 98.6083 0 0 0
1393 1 62.5312 95.7663 99.6898 0 0 0
1394 1 63.3187 96.0515 100.4903 0 0 0
1395 1 64.3490 96.2271 100.4348 0 0 0
1396 1 64.9203 96.0008 99.6706 0 0 0
1397 1 65.2348 95.8250 98.5185 0 0 0
1398 1 64.5620 96.4680 98.1381 0 0 0
1399 1 63.5992 96.8256 98.4676 0 0 0
1400 1 62.9144 97.4367 99.6613 0 0 0
1401 1 62.8944 97.3630 100.8195 0 0 0
1402 1 63.3111 96.6728 101.9021 0 0 0
1403 1 63.4102 95.6224 101.8798 0 0 0
1404 1 63.6577 95.0618 101.0015 0 0 0
1405 1 63.8201 95.0794 99.8206 0 0 0
1406 1 63.8307 95.9684 99.3101 0 0 0
1407 1 64.0806 96.8767 99.6354 0 0 0
1408 1 64.3296 98.0216 100.1945 0 0 0
1409 1 64.3728 98.4041 101.1287 0 0 0
1410 1 64.5627 98.0629 102.0556 0 0 0
1411 1 64.4567 97.1257 102.3854 0 0 0
1412 1 64.4737 95.9471 102.0132 0 0 0
1413 1 65.0550 95.7347 101.0873 0 0 0
1414 1 65.6275 96.8424 100.2459 0 0 0
1415 1 65.5526 97.9048 100.2928 0 0 0
1416 1 65.3273 98.8960 100.9517 0 0 0
1417 1 65.1093 99.4701 101.9930 0 0 0
1418 1 65.0778 99.0474 103.2876 0 0 0
1419 1 65.2406 97.7355 103.4306 0 0 0
1420 1 65.4758 96.7226 103.0805 0 0 0
1421 1 65.4654 95.9055 102.4448 0 0 0
1422 1 66.0169 95.4726 101.6647 0 0 0
1423 1 66.5578 96.1231 100.6623 0 0 0
1424 1 67.3194 96.9692 100.6837 0 0 0
1425 1 67.7631 98.0309 101.5468 0 0 0
1426 1 67.6009 98.6420 102.4986 0 0 0
1427 1 67.4406 98.4660 103.5298 0 0 0
1428 1 66.8880 97.5223 104.1010 0 0 0
1429 1 66.4713 96.4202 104.0243 0 0 0
1430 1 66.3895 95.6682 103.3067 0 0 0
1431 1 66.5115 96.4318 102.3104 0 0 0
1432 1 66.1098 97.7214 101.5511 0 0 0
1433 1 66.5625 97.9545 100.5869 0 0 0
1434 1 67.5272 98.2868 100.3860 0 0 0
1435 1 68.6101 98.1715 100.4574 0 0 0
1436 1 69.0257 97.5411 101.2038 0 0 0
1437 1 69.1773 97.1269 102.2296 0 0 0
1438 1 68.2209 96.7339 103.1178 0 0 0
1439 1 67.1268 96.9416 103.1380 0 0 0
1440 1 66.6960 98.0841 102.5367 0 0 0
1441 1 66.6948 98.7873 101.5846 0 0 0
1442 1 67.5762 99.2542 100.9974 0 0 0
1443 1 68.6081 99.0733 100.8295 0 0 0
1444 1 69.4207 98.4998 101.0554 0 0 0
1445 1 70.1358 98.3258 101.9552 0 0 0
1446 1 69.7743 98.5155 102.9224 0 0 0
1447 1 68.5922 99.3185 103.0849 0 0 0
1448 1 67.6115 99.9529 102.8713 0 0 0
1449 1 66.7457 100.2143 102.1613 0 0 0
1450 1 66.1711 99.7119 101.4819 0 0 0
1451 1 66.0700 99.2707 100.3446 0 0 0
1452 1 66.6182 98.5167 99.7352 0 0 0
1453 1 67.4791 98.3796 98.8537 0 0 0
1454 1 68.5473 98.4385 98.8655 0 0 0
1455 1 69.0780 99.1679 99.7098 0 0 0
1456 1 69.4625 99.6250 100.5500 0 0 0
1457 1 68.8387 100.0936 101.3899 0 0 0
1458 1 67.8964 100.4767 101.2455 0 0 0
1459 1 67.4048 100.3933 100.2180 0 0 0
1460 1 67.3641 99.9542 99.3893 0 0 0
1461 1 68.2281 99.6385 98.8986 0 0 0
1462 1 69.0483 99.4566 98.3905 0 0 0
1463 1 70.0612 99.7360 98.4178 0 0 0
1464 1 70.1986 100.1146 99.5065 0 0 0
1465 1 68.8539 100.9350 99.9930 0 0 0
1466 1 67.7025 101.6745 100.6622 0 0 0
1467 1 66.7719 101.3102 101.0124 0 0 0
1468 1 65.8939 100.3869 100.0864 0 0 0
1469 1 65.9872 99.7383 99.3531 0 0 0
1470 1 66.5112 99.8769 98.3455 0 0 0
1471 1 67.4349 99.8681 98.0356 0 0 0
1472 1 68.4047 100.1314 97.7754 0 0 0
1473 1 69.0324 100.7741 98.4520 0 0 0
1474 1 68.9553 101.5713 99.1989 0 0 0
1475 1 67.9486 101.5369 99.6217 0 0 0
1476 1 66.9683 101.0873 99.4100 0 0 0
1477 1 66.0330 100.9840 98.8306 0 0 0
1478 1 66.0321 100.7249 97.7850 0 0 0
1479 1 66.5699 100.5954 96.8838 0 0 0
1480 1 67.4847 100.8015 96.3749 0 0 0
1481 1 68.9194 101.2672 96.4329 0 0 0
1482 1 69.0848 101.8374 97.2606 0 0 0
1483 1 68.8204 102.2999 98.1409 0 0 0
1484 1 68.0396 102.3822 98.9219 0 0 0
1485 1 66.6682 102.3876 99.4172 0 0 0
1486 1 65.4646 101.8623 99.1000 0 0 0
1487 1 65.0710 100.9531 98.2772 0 0 0
1488 1 64.9848 100.0301 96.4582 0 0 0
1489 1 65.7623 100.0991 95.6828 0 0 0
1490 1 66.7979 100.6452 95.4511 0 0 0
1491 1 67.3073 101.6397 95.7315 0 0 0
1492 1 67.1837 102.4452 96.2939 0 0 0
1493 1 66.5473 102.9436 97.3210 0 0 0
1494 1 65.9848 102.5610 98.0224 0 0 0
1495 1 64.9925 102.4549 98.2275 0 0 0
1496 1 64.1669 101.9532 97.1245 0 0 0
1497 1 63.8373 101.5216 96.1492 0 0 0
1498 1 64.1342 101.0103 95.0192 0 0 0
1499 1 64.9940 100.5151 94.7174 0 0 0
1500 1 66.0198 99.8979 94.6031 0 0 0
